time,rate_roll,rate_pitch,rate_yaw,pos_x,pos_y,pos_z,vel_x,vel_y,vel_z,R11,R12,R13,R21,R22,R23,R31,R32,R33,current,voltage,energy
1739241836.6589565,-0.00213623046875,0.00213623046875,0.0,1.1713226437686697,-0.5098153239497302,0.6571927215671585,-0.0128807543246901,0.0113989986289458,0.0095259556767076,-0.995508229664879,0.09249331273893209,0.02020771555809623,-0.0934457468361374,-0.9942232295695873,-0.052802103958613136,0.01520713870967642,-0.05445325410659839,0.9984005138467562,0.000762939453125,11.98974609375,0.00914745032787323
1739241836.6622922,0.0,0.00213623046875,-0.001068115234375,1.1711940809597547,-0.5097015505444146,0.6572878001307677,-0.0128807543246901,0.0113989986289458,0.0095259556767076,-0.9955074979647142,0.09250838942933118,0.020174721341965737,-0.09345915729443054,-0.994221443467708,-0.052811999269124034,0.01517258757923827,-0.05446025371019006,0.9984006577281347,0.000762939453125,11.98974609375,0.00914745032787323
1739241836.6692965,0.0,0.003204345703125,-0.001068115234375,1.1710653378202796,-0.5095876175531183,0.6573830120577564,-0.0128807543246901,0.0113989986289458,0.0095259556767076,-0.9955067638906726,0.0925234874801769,0.020141680973197722,-0.0934725862008455,-0.9942196545879398,-0.052821908901165754,0.015137987873097067,-0.05446726260372459,0.998400800594436,0.000762939453125,11.97967529296875,0.009139766916632652
1739241836.6789942,0.0,0.0042724609375,-0.001068115234375,1.1716041455324615,-0.5100647690490784,0.656985503248504,-0.0129125920870707,0.0114687881984116,0.0097847493295531,-0.9955100781827375,0.09246316348869528,0.020254570700530137,-0.0934177439876519,-0.9942274065750973,-0.052772996155360144,0.01525809112757868,-0.0544281858288418,0.9984011033860707,0.000762939453125,11.97967529296875,0.009139766916632652
1739241836.6899652,0.0,0.003204345703125,-0.001068115234375,1.1713233631311275,-0.5098377249806744,0.6572081303913032,-0.0130735259452488,0.0116034878382073,0.0101170778228796,-0.9954983351759168,0.09255496870267421,0.0204118208503106,-0.09351839642188516,-0.9942165590436836,-0.052799083836907894,0.015406952737557036,-0.05447028081242731,0.9983965215862673,0.000762939453125,11.98974609375,0.00914745032787323
1739241836.699891,-0.001068115234375,0.00213623046875,-0.001068115234375,1.171182142903867,-0.509712384105046,0.657317415065946,-0.0130735259452488,0.0116034878382073,0.0101170778228796,-0.9955017861364654,0.0925136944332902,0.020430617744230856,-0.09347823231079544,-0.9942202233812819,-0.05280120740781235,0.015427698569651652,-0.05447351431638744,0.9983960248092268,0.000762939453125,11.98974609375,0.00914745032787323
1739241836.7091823,-0.00213623046875,0.003204345703125,0.0,1.1710602061273754,-0.5096041583739791,0.6574117770508,-0.0130735259452488,0.0116034878382073,0.0101170778228796,-0.9955047642183797,0.09247805594184028,0.02044684786772866,-0.09344355247004794,-0.9942233860142848,-0.05280304161757913,0.015445611683762347,-0.05447630559709659,0.9983955955472791,0.000762939453125,11.98974609375,0.00914745032787323
1739241836.7188005,0.0,0.003204345703125,-0.001068115234375,1.1709314318968147,-0.5094898640187728,0.6575114302673554,-0.0130735259452488,0.0116034878382073,0.0101170778228796,-0.9955079076282608,0.0924404188915261,0.020463987997490548,-0.09340692790927457,-0.9942267246360466,-0.05280497929201949,0.015464529354423754,-0.05447925269896981,0.9983951418938336,0.000762939453125,11.98974609375,0.00914745032787323
1739241836.7285223,0.0,0.003204345703125,-0.001068115234375,1.1711477500679182,-0.5096745541070119,0.657342989313451,-0.0130664533969563,0.0115528834989918,0.0100715363651083,-0.9954985147118698,0.09255569008441285,0.020399790181744655,-0.09351778320633121,-0.9942189510391908,-0.05275510988240802,0.015399072395268451,-0.05442537668706971,0.9983990920177341,0.000762939453125,11.98974609375,0.00914745032787323
1739241836.7391596,-0.001068115234375,0.0042724609375,-0.001068115234375,1.1710171769991224,-0.5095591061422065,0.6574436341763475,-0.0130664533969563,0.0115528834989918,0.0100715363651083,-0.9954983699031188,0.09255351859207009,0.020416701899683525,-0.09351632965328004,-0.9942197941252572,-0.05274179611759819,0.015417250351870807,-0.05441366708611519,0.998399449732335,0.000762939453125,11.98974609375,0.00914745032787323
1739241836.7492316,-0.00213623046875,0.005340576171875,0.0,1.17088319358599,-0.5094406428748078,0.6575469077102354,-0.0130664533969563,0.0115528834989918,0.0100715363651083,-0.9954982209889853,0.0925512905899699,0.020434055346319223,-0.09351483788363976,-0.9942206590658231,-0.052728134637182546,0.015435903062732067,-0.05440165160039928,0.998399816305966,0.000762939453125,11.98974609375,0.00914745032787323
1739241836.7597394,-0.001068115234375,0.003204345703125,0.0,1.1707557695324629,-0.5093279791549257,0.6576451253328679,-0.0130664533969563,0.0115528834989918,0.0100715363651083,-0.9954980790614236,0.09254917185654914,0.020450559251092782,-0.09351341890875475,-0.9942214815064343,-0.052715141991144195,0.015453642580675789,-0.05439022430379999,0.9984001644787379,0.000762939453125,11.97967529296875,0.009139766916632652
1739241836.7697968,0.0,0.001068115234375,0.0,1.1710957274520757,-0.5096318116254273,0.6573796005206602,-0.0130357149859604,0.0111893337701954,0.0096293058465526,-0.9955004110116522,0.09254331860059528,0.020363345943631064,-0.09350359456118941,-0.9942197648487574,-0.052764921948377806,0.015362600032806505,-0.054431547529630385,0.9983993174846233,0.000762939453125,11.98974609375,0.00914745032787323
1739241836.7818444,0.0,0.001068115234375,0.0,1.1709610163734103,-0.509516181050246,0.6574791097672785,-0.0130357149859604,0.0111893337701954,0.0096293058465526,-0.9955030075900972,0.09252314492106348,0.02032804793842039,-0.09348164992844465,-0.9942213964604951,-0.052773060805666065,0.015327850655801474,-0.0544360402128837,0.998399606630639,0.000762939453125,11.98974609375,0.00914745032787323
1739241836.7902095,-0.00213623046875,0.003204345703125,-0.001068115234375,1.1708348827952062,-0.5094079130566856,0.6575722829306498,-0.0130357149859604,0.0111893337701954,0.0096293058465526,-0.9955054373181073,0.09250425587296239,0.02029499730163842,-0.09346110228841716,-0.994222923745446,-0.0527806807278114,0.015295313959446288,-0.05444024746863887,0.9983998762151542,0.000762939453125,11.98974609375,0.00914745032787323
1739241836.801242,-0.001068115234375,0.0042724609375,-0.001068115234375,1.170703326359568,-0.5092949903002768,0.6576694618852532,-0.0130357149859604,0.0111893337701954,0.0096293058465526,-0.9955079699435493,0.09248455483825772,0.02026052554211214,-0.0934396709406361,-0.9942245162429834,-0.05278862752441464,0.015261378488816963,-0.0544446362626755,0.9984001562043376,0.000762939453125,11.98974609375,0.00914745032787323
1739241836.8088331,0.0,0.0042724609375,-0.001068115234375,1.1711177126967327,-0.5096541618954794,0.6573612561841865,-0.0125381878183884,0.0109922203981782,0.0098292942202335,-0.9954931701909747,0.09261376129109151,0.02039704200710753,-0.0935757860286804,-0.9942129569539926,-0.05276522049525791,0.015392217911581551,-0.054436085865125196,0.9983986138729597,0.000762939453125,11.98974609375,0.00914745032787323
1739241836.8209302,0.0,0.0042724609375,0.0,1.1709357459769243,-0.5094946318008406,0.6575039087312048,-0.0125381878183884,0.0109922203981782,0.0098292942202335,-0.99549074852545,0.09263368911955881,0.020424721303854757,-0.093597307894241,-0.9942105447947999,-0.05277249827114567,0.015417962095875629,-0.05444623273403177,0.9983976633515734,0.000762939453125,11.98974609375,0.00914745032787323
1739241836.8300319,-0.001068115234375,0.003204345703125,0.0,1.1708668360966743,-0.5094342185575322,0.6575579305322392,-0.0125381878183884,0.0109922203981782,0.0098292942202335,-0.9954898311534385,0.09264123560385905,0.020435203348363157,-0.09360545815467566,-0.9942096311899444,-0.05277525417094719,0.015427711228563384,-0.05445007543562351,0.9983973031871145,0.000762939453125,11.98974609375,0.00914745032787323
1739241836.8386118,-0.001068115234375,0.00213623046875,-0.001068115234375,1.1707407144654094,-0.5093236478125469,0.6576568034028005,-0.0125381878183884,0.0109922203981782,0.0098292942202335,-0.9954881517162266,0.09265504736312637,0.020454388056053912,-0.09362037514331506,-0.994207958885368,-0.05278029790571043,0.015445554397165088,-0.05445710869232221,0.9983966437054147,0.000762939453125,11.97967529296875,0.009139766916632652
1739241836.8488135,-0.00213623046875,0.00213623046875,-0.001068115234375,1.1707455945397518,-0.5093133552572899,0.6576300871136976,-0.0131177025979129,0.0109959645605472,0.0093722097642114,-0.9955005407430307,0.09254308578245563,0.02035806116000679,-0.09350304777084768,-0.9942199077836972,-0.052763197629971566,0.015357520564729698,-0.05442933253713404,0.9983995163869352,0.000762939453125,11.98974609375,0.00914745032787323
1739241836.8596687,-0.001068115234375,0.003204345703125,-0.001068115234375,1.170613066390405,-0.5092022630273347,0.6577247745489455,-0.0131177025979129,0.0109959645605472,0.0093722097642114,-0.9955013419115086,0.09254228140009044,0.020322509826600887,-0.09350017815604075,-0.9942206295208263,-0.05275468244620953,0.015323019845136782,-0.05441751545668216,0.9984006906419622,0.000762939453125,11.97967529296875,0.009139766916632652
1739241836.869289,-0.001068115234375,0.005340576171875,-0.001068115234375,1.170482086129965,-0.5090924683211977,0.6578183560634411,-0.0131177025979129,0.0109959645605472,0.0093722097642114,-0.9955021325126783,0.09254148599896406,0.02028737370418983,-0.0934973423463233,-0.9942213427264315,-0.05274626661126199,0.015288922031468779,-0.05440583641812203,0.9984018498714634,0.000762939453125,11.97967529296875,0.009139766916632652
1739241836.8794222,-0.001068115234375,0.003204345703125,0.0,1.1703499515116962,-0.5089817059701792,0.657912762332396,-0.0131177025979129,0.0109959645605472,0.0093722097642114,-0.9955029288628473,0.09254068317106573,0.020251927901441993,-0.09349448183495769,-0.9942220621150774,-0.05273777649897835,0.015254523653839095,-0.05439405447175143,0.9984030179973509,0.000762939453125,11.98974609375,0.00914745032787323
1739241836.8896334,-0.001068115234375,0.00213623046875,0.0,1.1709980147319414,-0.5095624178513898,0.6574339378459949,-0.013269344621885,0.0108930521187944,0.0098244189169363,-0.9955059057847905,0.09249092081430771,0.020332759638701944,-0.09344941659854711,-0.9942254883291107,-0.05275305578004501,0.015336169176001974,-0.05441606310330446,0.9984005679041565,0.000762939453125,11.98974609375,0.00914745032787323
1739241836.8987608,-0.00213623046875,0.003204345703125,-0.001068115234375,1.1708652549389995,-0.5094534328649413,0.6575322311572588,-0.013269344621885,0.0108930521187944,0.0098244189169363,-0.995506698120877,0.0924901239718701,0.020297560546455613,-0.09344657553703914,-0.9942262029896345,-0.052744618770205184,0.015302010223149474,-0.05440435880039339,0.9984017298796355,0.000762939453125,11.98974609375,0.00914745032787323
1739241836.9091434,-0.001068115234375,0.0042724609375,0.0,1.1707326676475376,-0.5093445894881703,0.6576303967510768,-0.013269344621885,0.0108930521187944,0.0098244189169363,-0.9955074882226812,0.09248932775271142,0.02026240717239408,-0.0934437384549007,-0.9942269166200361,-0.05273619261747778,0.015267895602881052,-0.0543926697273367,0.9984028890401873,0.000762939453125,11.98974609375,0.00914745032787323
1739241836.9186573,-0.001068115234375,0.003204345703125,0.0,1.1705997751611494,-0.5092354955712005,0.6577287883065299,-0.013269344621885,0.0108930521187944,0.0098244189169363,-0.9955082789350358,0.09248852928753132,0.02022717286306757,-0.09344089513089635,-0.994227631791288,-0.05272774696327869,0.015233702404201938,-0.054380953769828044,0.9984040495601687,0.000762939453125,11.97967529296875,0.009139766916632652
1739241836.9302201,-0.001068115234375,0.00213623046875,-0.001068115234375,1.1704595208120077,-0.509122344127186,0.6578555395772737,-0.0131042428905573,0.0112623985830444,0.0104495107759573,-0.9955104128209032,0.09242262018617832,0.02042246907394877,-0.0933856137589181,-0.9942331083652839,-0.05272241812716661,0.015431950882021964,-0.05439288104363513,0.9984003552602271,0.000762939453125,11.97967529296875,0.009139766916632652
1739241836.9397416,0.0,0.00213623046875,0.0,1.1703269058739552,-0.5090083686535256,0.6579612886263264,-0.0131042428905573,0.0112623985830444,0.0104495107759573,-0.9955138124261942,0.09237699443852768,0.020463141673957172,-0.09334154446105894,-0.9942396919424589,-0.05267628540234162,0.015479190750435658,-0.05435003095370801,0.9984019575246448,0.000762939453125,11.98974609375,0.00914745032787323
1739241836.9496636,0.0,0.00213623046875,0.0,1.1701976194135968,-0.5088972538291052,0.658064383499642,-0.0131042428905573,0.0112623985830444,0.0104495107759573,-0.9955171229013031,0.09233251534248348,0.02050279543968591,-0.09329857896611932,-0.9942461064245849,-0.052631312186336245,0.015525243096787527,-0.054308254161617484,0.9984035157974468,0.000762939453125,11.98974609375,0.00914745032787323
1739241836.9609537,-0.001068115234375,0.003204345703125,-0.001068115234375,1.1700663017955906,-0.5087843933329046,0.6581690980471279,-0.0131042428905573,0.0112623985830444,0.0104495107759573,-0.9955204815409359,0.09228733897238564,0.020543074207607745,-0.09325493615252993,-0.9942526177852923,-0.05258563406750089,0.015572017072006235,-0.05426581882262107,0.9984050947345069,0.000762939453125,11.98974609375,0.00914745032787323
1739241836.969801,-0.001068115234375,0.00213623046875,0.0,1.1709224267425873,-0.5094980655617795,0.6574978731261274,-0.0132579244987373,0.0106364095741494,0.010312414198851,-0.9955102095152804,0.09244518418897812,0.02033004355894498,-0.09340405845055706,-0.9942281351345329,-0.05278349336557514,0.015333121528495393,-0.0544454151161942,0.9983990145012253,0.000762939453125,11.98974609375,0.00914745032787323
1739241836.9851518,-0.00213623046875,0.0042724609375,-0.001068115234375,1.170789343696469,-0.5093912972824741,0.6576013891398554,-0.0132579244987373,0.0106364095741494,0.010312414198851,-0.9955082257937129,0.092458495716869,0.020366613533612753,-0.09341939691948027,-0.9942265135652586,-0.05278689234148253,0.015368430507193033,-0.054452422293635235,0.9983980894663717,0.000762939453125,11.98974609375,0.00914745032787323
1739241836.9949188,-0.001068115234375,0.0042724609375,0.0,1.170656724677708,-0.5092849012775039,0.6577045442190865,-0.0132579244987373,0.0106364095741494,0.010312414198851,-0.995506247496611,0.09247176055634788,0.020403056016824628,-0.09343468200725565,-0.994224897420812,-0.05279027890415722,0.015403616244870497,-0.05445940550708529,0.998397166341329,0.000762939453125,11.97967529296875,0.009139766916632652
1739241837.004018,0.0,0.0042724609375,0.0,1.170523867016306,-0.5091783138171614,0.6578078849217732,-0.0132579244987373,0.0106364095741494,0.010312414198851,-0.9955042641459516,0.09248504899065897,0.0204395640957116,-0.09344999470027382,-0.9942232781387835,-0.05279367099842545,0.015438865170280055,-0.05446640175527115,0.9983962402383572,0.000762939453125,11.98974609375,0.00914745032787323
1739241837.0148969,-0.001068115234375,0.0042724609375,0.0,1.1710047355318125,-0.5095787452358177,0.6574074091320948,-0.0132960943032362,0.0107505536337941,0.0099731374116507,-0.9955132693407723,0.09243092337407338,0.02024487517035157,-0.09338585029040072,-0.9942275070406446,-0.052827523217390114,0.015245115020419015,-0.05448108523112589,0.9983984163749725,0.000762939453125,11.98974609375,0.00914745032787323
1739241837.024712,-0.003204345703125,0.00213623046875,-0.001068115234375,1.170872426097401,-0.5094717664766079,0.6575066518224781,-0.0132960943032362,0.0107505536337941,0.0099731374116507,-0.9955134935173584,0.09242863913486132,0.02024428048960603,-0.09338329775303036,-0.9942285777555262,-0.052811881948974744,0.015246111820170268,-0.05446541877100691,0.9983992559254368,0.000762939453125,11.98974609375,0.00914745032787323
1739241837.0347605,-0.001068115234375,0.003204345703125,-0.001068115234375,1.1707387870535593,-0.5093637126620346,0.6576068918266026,-0.0132960943032362,0.0107505536337941,0.0099731374116507,-0.9955136620150259,0.09242692219084366,0.020243833524323376,-0.09338137913984101,-0.9942293823877061,-0.05280012525460423,0.015246861033473466,-0.054453643140641765,0.9983998868075545,0.000762939453125,11.98974609375,0.00914745032787323
1739241837.0457754,-0.001068115234375,0.0042724609375,-0.001068115234375,1.1705996168344872,-0.5092511866171496,0.6577112806558904,-0.0132960943032362,0.0107505536337941,0.0099731374116507,-0.9955138374833508,0.09242513417843232,0.020243368081217433,-0.09337938110761189,-0.9942302201717176,-0.052787881954642804,0.015247641231752821,-0.054441380120242244,0.9984005436534332,0.000762939453125,11.98974609375,0.00914745032787323
1739241837.0568604,-0.001068115234375,0.0042724609375,-0.001068115234375,1.1710581861434115,-0.5096215358133681,0.65739106208329,-0.0130546315781959,0.011180541356096,0.0102284601688801,-0.995506803006303,0.09248145184990242,0.020331901827032067,-0.09344088217662212,-0.9942229404030196,-0.05281615580888539,0.015329928448120969,-0.054478673259432626,0.9983972493219658,0.000762939453125,11.98974609375,0.00914745032787323
1739241837.0647318,0.0,0.0042724609375,-0.001068115234375,1.1709012941548684,-0.5094939319217708,0.657507578290632,-0.0131293746352195,0.0107409145033729,0.0098599566468663,-0.9955081510636753,0.09247235053990609,0.02030727828655036,-0.093430510194828,-0.9942237091777663,-0.05282003288089261,0.015305584945267948,-0.05448009264336069,0.9983975453570857,0.000762939453125,11.97967529296875,0.009139766916632652
1739241837.0738277,-0.001068115234375,0.0042724609375,-0.001068115234375,1.1707698165972713,-0.509386372403934,0.6576063158964938,-0.0131293746352195,0.0107409145033729,0.0098599566468663,-0.9955105364024157,0.09245066763948813,0.020289060224354394,-0.09340796609888027,-0.9942254678739286,-0.05282680096445461,0.015288027375858876,-0.054484796814162496,0.9983975576568056,0.000762939453125,11.98974609375,0.00914745032787323
1739241837.0852532,0.0,0.0042724609375,-0.001068115234375,1.1706346628147764,-0.5092758054300364,0.6577078142902166,-0.0131293746352195,0.0107409145033729,0.0098599566468663,-0.9955127970890671,0.09243011105688166,0.020271788325512227,-0.0933865928644426,-0.9942271347348519,-0.052833217109102805,0.015271381897938729,-0.054489256986485664,0.9983975689914254,0.000762939453125,11.98974609375,0.00914745032787323
1739241837.0946546,0.0,0.003204345703125,-0.001068115234375,1.170504274995274,-0.5091691374081033,0.6578057335196766,-0.0131293746352195,0.0107409145033729,0.0098599566468663,-0.9955149773648773,0.09241027940064422,0.020255125358854435,-0.09336597317927228,-0.9942287423714488,-0.052839406646693975,0.015255323480524637,-0.054493560202854695,0.9983975796254327,0.000762939453125,11.98974609375,0.00914745032787323
1739241837.1037488,-0.001068115234375,0.00213623046875,0.0,1.171132461257018,-0.5096483268569553,0.6573483312711393,-0.0131757902327627,0.0115574355800035,0.0101590611253076,-0.9955140403910725,0.092381666736334,0.02043093329388203,-0.09334553635235725,-0.9942356271771151,-0.052745886046397364,0.015440408910805671,-0.05441640655855278,0.9983989425424696,0.000762939453125,11.97967529296875,0.009139766916632652
1739241837.1143842,-0.001068115234375,0.00213623046875,0.0,1.170998661107204,-0.5095309610986403,0.6574514965368669,-0.0131757902327627,0.0115574355800035,0.0101590611253076,-0.9955145238716334,0.0923785490454901,0.020421469998142545,-0.09334201791702598,-0.9942355786347115,-0.052753027098717854,0.01543050393903768,-0.054422585873426105,0.9983987588609257,0.000762939453125,11.98974609375,0.00914745032787323
1739241837.1244721,-0.00213623046875,0.003204345703125,0.0,1.1708688927492017,-0.5094171319156129,0.65755155312989,-0.0131757902327627,0.0115574355800035,0.0101590611253076,-0.9955149593256767,0.09237574052099072,0.02041294496134085,-0.09333884827078669,-0.9942355348580821,-0.05275946008960135,0.015421581056402733,-0.05442815253765067,0.9983985932727765,0.000762939453125,11.98974609375,0.00914745032787323
1739241837.1351037,-0.001068115234375,0.003204345703125,-0.001068115234375,1.1707365155847331,-0.5093010143603406,0.657653621217016,-0.0131757902327627,0.0115574355800035,0.0101590611253076,-0.9955154034462692,0.09237287558326879,0.02040424852058667,-0.09333561484326876,-0.9942354901553158,-0.05276602237660439,0.015412478809098306,-0.054433831135584,0.9983984242399734,0.000762939453125,11.98974609375,0.00914745032787323
1739241837.145041,-0.001068115234375,0.003204345703125,-0.001068115234375,1.1706029789507242,-0.5091838797507372,0.657756583301521,-0.0131757902327627,0.0115574355800035,0.0101590611253076,-0.9955158513671725,0.09236998560128283,0.020395475888353276,-0.09333235303320682,-0.9942354450138623,-0.052772642110966474,0.015403296854194792,-0.054439559495885935,0.9983982536082059,0.000762939453125,11.98974609375,0.00914745032787323
1739241837.1554859,-0.001068115234375,0.003204345703125,0.0,1.1709883795815152,-0.5095326250552652,0.6574457890978337,-0.0133594445277266,0.0114695907297159,0.009640779247336,-0.9955118209186551,0.09242438013848742,0.020345721103953922,-0.09338374097702168,-0.9942314039763375,-0.052757864516840995,0.015352241932695777,-0.05442103732250243,0.9984000497618091,0.000762939453125,11.97967529296875,0.009139766916632652
1739241837.1663575,-0.001068115234375,0.00213623046875,0.0,1.170856254675136,-0.5094191908029483,0.6575411364045898,-0.0133594445277266,0.0114695907297159,0.009640779247336,-0.9955131813692452,0.09242293392670062,0.020285635421772145,-0.09337919877907051,-0.994231231406534,-0.052769155111919014,0.01529153214897582,-0.05442664586604309,0.9984006757130672,0.029754638671875,11.98974609375,0.35675056278705597
1739241837.1750045,-0.00213623046875,0.00213623046875,-0.001068115234375,1.170721912100965,-0.5093038525985703,0.657638084080701,-0.0133594445277266,0.0114695907297159,0.009640779247336,-0.9955145609018826,0.09242146378626331,0.02022454113042526,-0.09337457963747503,-0.9942310558687121,-0.05278063493091918,0.015229803342678969,-0.05443234863379085,0.9984013083486784,0.000762939453125,11.98974609375,0.00914745032787323
1739241837.1854615,-0.00213623046875,0.001068115234375,0.0,1.1712553956594387,-0.5097888532371835,0.6572196082331193,-0.0132987344822095,0.0111236594848569,0.0097117555500596,-0.9954993906746329,0.09256702354730241,0.02030540120332152,-0.09352430965483757,-0.9942171393743546,-0.05277767783695189,0.015302505351109835,-0.05443919475771284,0.9983998234195112,0.000762939453125,11.98974609375,0.00914745032787323
1739241837.195323,0.0,0.003204345703125,0.0,1.1711242435399751,-0.5096791517073439,0.6573153855663539,-0.0132987344822095,0.0111236594848569,0.0097117555500596,-0.9954996798528546,0.09256363747089053,0.02030665977017347,-0.09352109075127231,-0.9942171156544376,-0.05278382824751441,0.015303365563049197,-0.05444538509303026,0.9983994726784041,0.000762939453125,11.97967529296875,0.009139766916632652
1739241837.2047732,-0.003204345703125,0.0042724609375,0.0,1.1709955649851251,-0.5095715191781683,0.6574093565130563,-0.0132987344822095,0.0111236594848569,0.0097117555500596,-0.9954999352361734,0.09256064698570865,0.020307771280015978,-0.09351824791885997,-0.9942170946650095,-0.05278926010141022,0.015304125292255619,-0.05445085220136343,0.998399162882053,0.000762939453125,11.97967529296875,0.009139766916632652
1739241837.2177143,-0.003204345703125,0.005340576171875,-0.001068115234375,1.170862245171941,-0.5094600044918327,0.6575067168624458,-0.0132987344822095,0.0111236594848569,0.0097117555500596,-0.9955001998209898,0.0925575486305921,0.020308922863239036,-0.09351530255291593,-0.994217072878225,-0.052794887876485126,0.015304912440324746,-0.054456516496647324,0.9983988418794586,0.000762939453125,11.97967529296875,0.009139766916632652
1739241837.2253206,-0.00213623046875,0.003204345703125,-0.001068115234375,1.1707262390143915,-0.509346242826281,0.6576060389864562,-0.0132987344822095,0.0111236594848569,0.0097117555500596,-0.9955004697267853,0.09255438783717596,0.020310097632343968,-0.09351229784264205,-0.994217050610187,-0.0528006290508911,0.015305715466410928,-0.05446229492104072,0.9983985143748937,0.000762939453125,11.98974609375,0.00914745032787323
1739241837.2351828,-0.001068115234375,0.00213623046875,-0.001068115234375,1.1711377189031504,-0.5096692059235733,0.6573142246913288,-0.0127576804207886,0.0115350873611096,0.009562202353146,-0.9955011501336547,0.09253601902978195,0.020360384689160058,-0.09349602702427315,-0.994220877063007,-0.052757374297262044,0.015360762131064163,-0.054423641868078375,0.9983997767390415,0.351715087890625,11.98974609375,4.216974601149559
1739241837.2447348,-0.0042724609375,0.0042724609375,-0.003204345703125,1.1710067995866724,-0.5095508328570737,0.6574123520118769,-0.0127576804207886,0.0115350873611096,0.009562202353146,-0.9955043245427174,0.09249828725964442,0.020376620690884747,-0.0934589845346024,-0.9942251972761558,-0.05274158995470267,0.015380442988055822,-0.05440885916118211,0.9984002794562259,3.516387939453125,11.98974609375,42.16059856116772
1739241837.2553914,-0.005340576171875,0.005340576171875,-0.020294189453125,1.1708823228988068,-0.5094382850096913,0.6575056504202365,-0.0127576804207886,0.0115350873611096,0.009562202353146,-0.995507341135015,0.09246241239726405,0.020392058257344393,-0.09342376451996963,-0.9942293033684902,-0.05272658291909306,0.015399154821285461,-0.05439480321763289,0.9984007569176343,3.516387939453125,11.98974609375,42.16059856116772
1739241837.2658615,-0.001068115234375,0.001068115234375,-0.042724609375,1.1707551798557332,-0.5093233263290505,0.6576009473288879,-0.0127576804207886,0.0115350873611096,0.009562202353146,-0.9955104207322218,0.09242576917912113,0.02040782705734884,-0.09338778966075328,-0.9942334958856529,-0.05271125497720921,0.015418266952992418,-0.054380445480349676,0.998401244086527,3.57513427734375,11.98974609375,42.864952236413956
1739241837.2759032,0.00640869140625,0.0042724609375,0.007476806640625,1.1711706900814636,-0.5096892342780928,0.6573047778720619,-0.0127655030975,0.0115043330532408,0.0095632048235897,-0.9955157400447208,0.0923757319440088,0.020374873521584312,-0.09333736462112029,-0.9942336148414065,-0.05279825266970201,0.015380106917572791,-0.05446322857853987,0.9983973202307814,3.1646728515625,11.91986083984375,37.722459994256496
1739241837.2856584,0.01068115234375,-0.0042724609375,0.065155029296875,1.1710540261486555,-0.5095840961783191,0.6573921760009447,-0.0127655030975,0.0115043330532408,0.0095632048235897,-0.9955184388859977,0.09234338864570892,0.020389615283612463,-0.09330589150958042,-0.9942364815517081,-0.05279989925447205,0.015396377742461798,-0.0544657445107248,0.998396932200467,2.75421142578125,11.939697265625,32.88445062935352
1739241837.2950737,0.0042724609375,-0.008544921875,0.022430419921875,1.1709262689936557,-0.5094689608131222,0.6574878845548191,-0.0127655030975,0.0115043330532408,0.0095632048235897,-0.9955218391559795,0.09230261757262496,0.020408198174703004,-0.09326621745470803,-0.9942400937700594,-0.052801975548219866,0.015416888310788232,-0.05446891525765352,0.99839644271475,2.344512939453125,11.939697265625,27.992774732410908
1739241837.3051722,0.01068115234375,0.003204345703125,-0.056610107421875,1.1707980267495384,-0.5093533882832694,0.6575839565104769,-0.0127655030975,0.0115043330532408,0.0095632048235897,-0.9955250366409155,0.09226425583763286,0.020425682750683127,-0.0932288879966493,-0.9942434910219003,-0.052803929811071675,0.015436186835223879,-0.054471897849369996,0.99839598180315,2.2857666015625,11.939697265625,27.29136124253273
1739241837.3157635,0.008544921875,0.003204345703125,-0.035247802734375,1.1711774189311868,-0.5096950170808721,0.6573013433457203,-0.0120050232815919,0.0109573367129848,0.009783635131915,-0.9955192083705714,0.0923388491855762,0.020372596700332042,-0.09330031480151653,-0.9942374043658473,-0.05279237651215027,0.015380410370626756,-0.054456594558842296,0.9983976774241239,1.72882080078125,11.94976806640625,20.659007597714663
1739241837.3248522,-0.00213623046875,-0.008544921875,0.048065185546875,1.171059421557352,-0.5095873174183202,0.657397506695432,-0.0120050232815919,0.0109573367129848,0.009783635131915,-0.9955397048531934,0.09211550039060372,0.02038211590108308,-0.09307736915109534,-0.9942596869763183,-0.05276626010685353,0.01540452572224234,-0.05442802073878931,0.9983988637542265,1.787567138671875,11.94976806640625,21.361012710258365
1739241837.335163,0.00640869140625,-0.0128173828125,0.063018798828125,1.1709393713245362,-0.5094777440511903,0.6574953430467511,-0.0120050232815919,0.0109573367129848,0.009783635131915,-0.9955605062646551,0.09188826140731894,0.020391806727308857,-0.09285053934942303,-0.9942823051247996,-0.05273969148787391,0.015429054040508932,-0.054398944210849294,0.998400069691584,2.02178955078125,11.94976806640625,24.15991621091962
1739241837.344768,0.0042724609375,0.00640869140625,0.001068115234375,1.1708192850766506,-0.5093681378120503,0.6575932087489756,-0.0120050232815919,0.0109573367129848,0.009783635131915,-0.9955812617878412,0.09166094974542237,0.02040150653008061,-0.09262363600636113,-0.9943048774607258,-0.0527131170656027,0.015453583076131226,-0.05436985331576652,0.9984012749493718,1.055145263671875,11.9598388671875,12.619367334991693
1739241837.355881,0.001068115234375,0.018157958984375,-0.0640869140625,1.1712741894395275,-0.5096348068080044,0.6572245132144365,-0.0120484353113152,0.0176853622237192,0.0110044733741734,-0.9955317117547446,0.09217102492778982,0.020521039311613566,-0.0931359773797259,-0.9942691814184135,-0.052483183964781834,0.01556600810070542,-0.054159921023933334,0.9984109386152027,1.377105712890625,11.9598388671875,16.469962429255247
1739241837.365523,0.0042724609375,0.009613037109375,-0.028839111328125,1.1711536809895438,-0.5094579178150428,0.657334579957125,-0.0120484353113152,0.0176853622237192,0.0110044733741734,-0.9956006221243956,0.09142560906682397,0.020512416539176185,-0.09238987596605919,-0.994342715803229,-0.052408723968774606,0.015604872459991244,-0.054073297807876355,0.9984150271403611,1.28936767578125,11.9598388671875,15.420629642903805
1739241837.3747702,-0.009613037109375,-0.011749267578125,0.052337646484375,1.1710331604911246,-0.509281011136719,0.6574446577042867,-0.0120484353113152,0.0176853622237192,0.0110044733741734,-0.995668979993014,0.09068006653392993,0.020503848738063813,-0.09164364511917174,-0.9944156920596129,-0.05233424973067351,0.01564367568516657,-0.053986636485367646,0.99841910963886,1.465606689453125,11.9598388671875,17.528419848531485
1739241837.3851357,-0.0128173828125,0.00640869140625,0.039520263671875,1.1709125315567877,-0.509103945290135,0.657554834491709,-0.0120484353113152,0.0176853622237192,0.0110044733741734,-0.9957368391524574,0.08993380142039346,0.0204953291447229,-0.09089668837621612,-0.99448816766126,-0.052259701721179955,0.015682448689868303,-0.053899867753333816,0.9984231893637401,5.391693115234375,11.96990966796875,64.5380795467645
1739241837.3949895,-0.01708984375,0.01495361328125,-0.04486083984375,1.1712904941921305,-0.5099995420447577,0.6573607113510862,-0.0107554885306199,0.0089971406422739,0.0099974882159916,-0.995483197917132,0.09268666622678402,0.020551996702140758,-0.09365437878938723,-0.9942145975290442,-0.05259459471974804,0.015558277483514854,-0.054281819828790816,0.9984044391116361,9.200286865234377,11.8597412109375,109.11302128806712
1739241837.4048557,-0.00640869140625,-0.001068115234375,-0.088653564453125,1.17111615795158,-0.5101620724541608,0.6572789986111894,-0.0141250478261573,0.0012766313354997,0.0072852376355706,-0.9953915307342255,0.09369815389627006,0.0204048155837361,-0.09466653987678343,-0.9940842074558103,-0.05324316589677173,0.015295318575719911,-0.05492944969126009,0.9983730809603605,9.200286865234377,11.829833984375,108.83786622434856
1739241837.4155889,-0.008544921875,-0.024566650390625,-0.024566650390625,1.1709749922236057,-0.5101493138005938,0.6573518072761193,-0.0141250478261573,0.0012766313354997,0.0072852376355706,-0.9953715734835754,0.09394091585524211,0.0202616640261799,-0.09490509460851389,-0.9940473681469482,-0.0535056342591571,0.01511468551378099,-0.055180922504104425,0.9983619644564868,7.910919189453125,11.829833984375,93.58486067503691
1739241837.425839,0.06195068359375,-0.0042724609375,0.103607177734375,1.1708328518673308,-0.5101364670594647,0.657425118622446,-0.0141250478261573,0.0012766313354997,0.0072852376355706,-0.9953513931989681,0.09418538472211266,0.020117588364928374,-0.09514524273103821,-0.9940101486985936,-0.05376994578620722,0.014932743971718484,-0.055434083278678555,0.9983506776521602,7.647705078125,11.86981201171875,90.7768215984106
1739241837.4353838,0.007476806640625,-0.039520263671875,0.08544921875,1.1707958546390658,-0.5099746326473386,0.6576427843476675,-0.0125512784770915,0.0029050808937901,0.0085836363434834,-0.995517555867304,0.09227277484816583,0.02074924051162353,-0.09325396324898208,-0.9942447310024602,-0.05273626088568554,0.015763701923945488,-0.054434822454613396,0.9983928864960866,8.11614990234375,11.8597412109375,96.25543747097254
1739241837.446352,0.059814453125,-0.00640869140625,-0.08544921875,1.1706789018262165,-0.5099475631035703,0.6577227666711161,-0.0125512784770915,0.0029050808937901,0.0085836363434834,-0.9955568794287156,0.09187694282707526,0.020618612923959806,-0.09285321289344904,-0.9942765233025517,-0.05284388389165046,0.01564546827428204,-0.054523596599460974,0.9983899021606427,7.295989990234375,11.8597412109375,86.5285531617701
1739241837.4555895,0.030975341796875,-0.011749267578125,-0.137786865234375,1.1705448541720809,-0.5099165368396246,0.6578144399072644,-0.0125512784770915,0.0029050808937901,0.0085836363434834,-0.9956017357528736,0.09142324875202336,0.02046883859653395,-0.0923938514237418,-0.9943127550395773,-0.052967172708132414,0.015509996291193134,-0.05462540391824358,0.9983864508604952,5.33294677734375,11.8597412109375,63.247368671000004
1739241837.4656777,0.084381103515625,-0.00213623046875,0.024566650390625,1.1704280896284085,-0.5098895108720696,0.6578942934761678,-0.0125512784770915,0.0029050808937901,0.0085836363434834,-0.9956405671740861,0.09102859965733996,0.020338511294775714,-0.09199424635336215,-0.9943440908860969,-0.053074358759934714,0.015392193967752241,-0.054714010676654566,0.9983834220381136,5.03997802734375,11.9097900390625,60.02508010715246
1739241837.4752479,0.00213623046875,-0.018157958984375,0.206146240234375,1.170788257026394,-0.5099520152975345,0.6576645203923042,-0.0118796269685215,0.0122352201924502,0.0156459717505996,-0.9954974833799279,0.09249120453322755,0.020739760563291798,-0.09346975477466835,-0.9942306570572619,-0.052619440417478604,0.0157532703459749,-0.05432106084639624,0.9983992472062109,7.061767578125,11.8896484375,83.96193385124207
1739241837.4849396,0.052337646484375,-0.035247802734375,0.139923095703125,1.1706689261734953,-0.5098291125107014,0.6578216841785389,-0.0118796269685215,0.0122352201924502,0.0156459717505996,-0.9954340061541012,0.0932025056505858,0.020601755567172496,-0.09416553134911097,-0.9941890139178865,-0.05216375476055956,0.015620246404477732,-0.053865550637051174,0.9984260164663332,7.501220703125,11.829833984375,88.73819559812546
1739241837.4963787,0.03204345703125,0.016021728515625,-0.17730712890625,1.1705503318574684,-0.5097069683075203,0.6579778779145251,-0.0118796269685215,0.0122352201924502,0.0156459717505996,-0.9953704110313791,0.09390930798047856,0.020464279069906,-0.09485702701671302,-0.9941469309676532,-0.05171096666227273,0.015488359137557,-0.05341274681406798,0.9984523970670821,7.149505615234375,11.829833984375,84.5774644985795
1739241837.505909,-0.009613037109375,0.01922607421875,-0.229644775390625,1.1704294210141828,-0.5095824382364015,0.6581371226150028,-0.0118796269685215,0.0122352201924502,0.0156459717505996,-0.9953050506398525,0.09462980457098046,0.020323785514973082,-0.09556204323836202,-0.9941033108625771,-0.05124942169597422,0.01535421971022982,-0.05295099072652384,0.9984790636353722,7.617950439453125,11.86981201171875,90.42363963089883
1739241837.5166984,-0.0128173828125,0.068359375,0.101470947265625,1.1719033419671652,-0.5109091825176394,0.6582357599286134,-0.0069740263064431,0.0085505458132363,0.0202036530953668,-0.9955045961735896,0.0921556934287667,0.021861545369016043,-0.09315234153456729,-0.9943918493884021,-0.050074855332199,0.017124259513500346,-0.051886202776619705,0.9985061750923415,7.09075927734375,11.8597412109375,84.09457001835108
1739241837.5252786,-0.073699951171875,-0.011749267578125,0.37811279296875,1.1718365447432022,-0.5108272853898402,0.6584292705179609,-0.0069740263064431,0.0085505458132363,0.0202036530953668,-0.9953477470750668,0.09374868391440612,0.022227160342825805,-0.09475378834950107,-0.994265665977368,-0.049573229186718165,0.01745227738740339,-0.05144870963297041,0.998523133578334,7.617950439453125,11.8896484375,90.57475253939629
1739241837.5335047,-0.076904296875,0.067291259765625,0.233917236328125,1.1717670625191112,-0.5107420963019029,0.6586305595137499,-0.0069740263064431,0.0085505458132363,0.0202036530953668,-0.995181746499393,0.09540562020042746,0.022606615593444856,-0.09641917329395988,-0.9941314609169882,-0.04905080464542748,0.017794225347773085,-0.05099417662073135,0.998540414552684,9.610748291015623,11.8896484375,114.2684184014797
1739241837.5438747,-0.088653564453125,0.01922607421875,-0.30975341796875,1.1716975035807309,-0.5106568131579617,0.6588320707497232,-0.0069740263064431,0.0085505458132363,0.0202036530953668,-0.9950126555404446,0.0970642923717372,0.02298561421250982,-0.09808594840619153,-0.993994095460838,-0.04852715646160066,0.018137310705017635,-0.05053970058641678,0.9985573476896682,7.53021240234375,11.8096923828125,88.9294920489192
1739241837.5537367,-0.022430419921875,0.060882568359375,-0.475311279296875,1.1716276587072718,-0.5105711794416422,0.6590344103354732,-0.0069740263064431,0.0085505458132363,0.0202036530953668,-0.9948399433712308,0.09872968340540263,0.0233652880957008,-0.09975911822877763,-0.993853133282247,-0.04800070619560492,0.018482570258026805,-0.050083920371003156,0.9985739809933604,11.456298828125,11.8798828125,136.09948754310608
1739241837.563861,-0.011749267578125,0.05767822265625,0.050201416015625,1.1727295959272082,-0.5132768271561534,0.6581554783573348,-0.0175830500328917,-0.0303758871807336,0.0160830794835287,-0.9951874789940286,0.09555723278151233,0.02169555061872826,-0.09658614440888516,-0.9939255757533254,-0.0527547777139346,0.016522662065657515,-0.0545963838231117,0.998371792726389,11.397552490234377,11.7596435546875,134.03115468099716
1739241837.5749264,-0.033111572265625,0.026702880859375,0.68572998046875,1.172536956031048,-0.5136096253761057,0.6583316845761564,-0.0175830500328917,-0.0303758871807336,0.0160830794835287,-0.9946493525112838,0.10094243889294645,0.021983848144213072,-0.10200191040430942,-0.9933137909318227,-0.05406776320990583,0.016379127655503586,-0.0560208601772142,0.9982952405988169,12.042236328125,11.7596435546875,141.61240682005882
1739241837.5858927,-0.054473876953125,-0.005340576171875,0.435791015625,1.1723779525096003,-0.5138843145238811,0.658477123863926,-0.0175830500328917,-0.0303758871807336,0.0160830794835287,-0.9941830808343423,0.10538479463940997,0.022227164496285916,-0.10646963417084677,-0.9927853093420504,-0.055150218078763885,0.016254807973692643,-0.057195931790806114,0.998230637981183,19.33746337890625,11.6998291015625,226.24501679092646
1739241837.593948,-0.020294189453125,-0.052337646484375,-0.41229248046875,1.1721989043111154,-0.5141936321830424,0.6586408978623067,-0.0175830500328917,-0.0303758871807336,0.0160830794835287,-0.9936341114403665,0.1103842828518286,0.022506947402985845,-0.1114978437006881,-0.9921647598632447,-0.05636772246247762,0.01610848944532663,-0.058518367926638865,0.9981563590855855,14.06402587890625,11.5997314453125,163.1389232352376
