time,rate_roll,rate_pitch,rate_yaw,pos_x,pos_y,pos_z,vel_x,vel_y,vel_z,R11,R12,R13,R21,R22,R23,R31,R32,R33,current,voltage,energy
1738725354.1296186,-0.001068115234375,0.0,0.0,1.0585804699755186,-0.5917910462743465,0.6280928597636065,0.0003618190428875,-0.0074094506705715,-0.0061748406885947,-0.9711952536285726,-0.23595545020901607,0.033238604754004954,0.2343834378618738,-0.9710926728225905,-0.045204256949165654,0.042943956331264764,-0.03611158134086041,0.9984246442810197,0.000762939453125,11.2799072265625,0.00860588625073433
1738725354.1418424,-0.001068115234375,0.0,0.0,1.0585841391824324,-0.5918661855135968,0.6280302407041835,0.0003618190428875,-0.0074094506705715,-0.0061748406885947,-0.9712162072613547,-0.23585606814515558,0.03333157469993051,0.23427766847247372,-0.9711149141173431,-0.04527469087654989,0.043047099878749225,-0.03616266995083722,0.998418353444114,0.000762939453125,11.26983642578125,0.008598202839493752
1738725354.1500266,0.0,-0.001068115234375,0.0,1.0585878333548604,-0.5919418360049433,0.6279671955807529,0.0003618190428875,-0.0074094506705715,-0.0061748406885947,-0.9712371713955823,-0.23575654202895815,0.03342468833147659,0.23417173359036425,-0.971137173822797,-0.04534521812445144,0.04315038918470751,-0.03621384417620842,0.998412039892944,0.000762939453125,11.2799072265625,0.00860588625073433
1738725354.1595492,0.0,-0.001068115234375,-0.00213623046875,1.0585913303359098,-0.5920134483456744,0.6279075157454976,0.0003618190428875,-0.0074094506705715,-0.0061748406885947,-0.971256997741042,-0.2356623305238099,0.03351283800492136,0.2340714443095028,-0.9711582321288662,-0.04541197118820762,0.043248159474373625,-0.03626229640303889,0.9984060509440321,0.000762939453125,11.2799072265625,0.00860588625073433
1738725354.1693664,-0.001068115234375,-0.00213623046875,0.0,1.0585710106873365,-0.5917919169403668,0.6280754980194373,0.0003033997135854,-0.006647272739086,-0.0069859148248598,-0.9712146570350226,-0.23586189507382915,0.03333551278329758,0.23428470007970137,-0.9711146747441984,-0.04524342830770082,0.04304380639427434,-0.03613108009251435,0.9984196391209662,0.000762939453125,11.2799072265625,0.00860588625073433
1738725354.181929,0.0,-0.001068115234375,-0.001068115234375,1.0585741924401326,-0.5918616268895815,0.628002236730669,0.0003033997135854,-0.006647272739086,-0.0069859148248598,-0.9712217755009606,-0.2358254408113333,0.033385988960967464,0.23424558460472542,-0.9711232051468706,-0.045262860254953324,0.043096042578778915,-0.0361397549992989,0.9984170717804451,0.000762939453125,11.2799072265625,0.00860588625073433
1738725354.1904857,0.0,-0.001068115234375,-0.001068115234375,1.0585897723193354,-0.5919008063319103,0.6279717096059357,9.138580952217436e-05,-0.0063958390194529,-0.007333757416529,-0.9712133867170535,-0.23585867200972238,0.03339527360872108,0.2342756209622194,-0.971112875263129,-0.04532898543917405,0.04312181448359565,-0.03620041900294188,0.9984137613132412,0.000762939453125,11.2799072265625,0.00860588625073433
1738725354.1999946,-0.001068115234375,0.0,-0.001068115234375,1.0585906823392266,-0.591964496096866,0.6278986800495819,9.138580952217436e-05,-0.0063958390194529,-0.007333757416529,-0.9712144906316793,-0.2358549575813534,0.033389402081285394,0.2342718305322434,-0.9711134770039596,-0.04533568352139174,0.04311754406409982,-0.036208476432707665,0.9984136535666478,0.000762939453125,11.2799072265625,0.00860588625073433
1738725354.2092574,0.0,-0.001068115234375,-0.001068115234375,1.0585915296684525,-0.5920237983162544,0.6278306814508159,9.138580952217436e-05,-0.0063958390194529,-0.007333757416529,-0.9712150814430157,-0.23585296955653998,0.03338625958381658,0.2342698018617601,-0.9711137990343333,-0.04533926841884646,0.043115258474092526,-0.03621278885237072,0.9984135958660848,0.000762939453125,11.2799072265625,0.00860588625073433
1738725354.220889,0.0,-0.001068115234375,-0.00213623046875,1.0585924807205722,-0.5920903598129298,0.627754359037382,9.138580952217436e-05,-0.0063958390194529,-0.007333757416529,-0.9712157445630286,-0.23585073815714871,0.033382732416773725,0.23426752486714936,-0.9711141604616117,-0.04534329215615701,0.043112693090334726,-0.03621762915580104,0.9984135310745901,0.000762939453125,11.2896728515625,0.008613336831331253
1738725354.2293885,0.0,0.0,-0.001068115234375,1.0585917605976147,-0.5918965728397076,0.6279761564239804,0.0003982601947886,-0.0065547236974917,-0.0075765267970882,-0.9712116332885388,-0.23586773500471783,0.033382254998023456,0.23428519228731967,-0.9711106064790798,-0.04532812216193609,0.04310930340312287,-0.0362022315276001,0.9984142358723254,0.000762939453125,11.2896728515625,0.008613336831331253
1738725354.2395873,0.0,0.0,0.0,1.0585957372256596,-0.5919620217558271,0.6279005048039115,0.0003982601947886,-0.0065547236974917,-0.0075765267970882,-0.9712088730088851,-0.2358819994161135,0.03336176464558788,0.2343002568000139,-0.971107035400497,-0.04532676316598442,0.04308961188335901,-0.03620508454781352,0.9984149824600125,0.000762939453125,11.2799072265625,0.00860588625073433
1738725354.250414,0.001068115234375,-0.001068115234375,-0.001068115234375,1.0585997190310872,-0.5920275558833547,0.6278247546889941,0.0003982601947886,-0.0065547236974917,-0.0075765267970882,-0.971206108511515,-0.23589628228723097,0.03334124762186357,0.23431534084629177,-0.9711034594574062,-0.045325402082542085,0.04306989475266332,-0.03620794157254784,0.9984157296102028,0.000762939453125,11.2799072265625,0.00860588625073433
1738725354.2593358,0.0,0.0,-0.001068115234375,1.0586037064121574,-0.592093181777014,0.6277488985027017,0.0003982601947886,-0.0065547236974917,-0.0075765267970882,-0.9712033395173955,-0.23591058504618023,0.03332070187477596,0.23433044593452676,-0.9710998782912712,-0.04532403877418481,0.04305015003904837,-0.036210802888736536,0.9984164773959655,0.000762939453125,11.2799072265625,0.00860588625073433
1738725354.269102,-0.001068115234375,0.001068115234375,0.0,1.0585780268750142,-0.5915442351467162,0.6283083897503354,0.0006624648242842,-0.0067928720509498,-0.0075447236648505,-0.971170401830541,-0.2360489037893344,0.03330113553858353,0.2344755216170416,-0.9710714160443462,-0.045183345427763325,0.043003260001095375,-0.03607242660927987,0.9984235071690751,0.000762939453125,11.2799072265625,0.00860588625073433
1738725354.2816515,0.0,0.001068115234375,0.0,1.058584655498046,-0.591612204624458,0.6282328972453449,0.0006624648242842,-0.0067928720509498,-0.0075447236648505,-0.9711712846213384,-0.23604516718554824,0.033301876452925344,0.23447232135523205,-0.9710727966100665,-0.04517028007654252,0.04300077261199065,-0.036059710651238905,0.9984240736393132,0.000762939453125,11.2799072265625,0.00860588625073433
1738725354.2897172,-0.001068115234375,0.001068115234375,0.0,1.05859125696002,-0.5916798955944457,0.6281577140740247,0.0006624648242842,-0.0067928720509498,-0.0075447236648505,-0.9711721637839599,-0.23604144588017684,0.033302614281419805,0.23446913417120255,-0.9710741713407448,-0.04515726825099781,0.042998295456774714,-0.03604704678169223,0.9984246376197506,0.000762939453125,11.2799072265625,0.00860588625073433
1738725354.2996004,-0.001068115234375,-0.001068115234375,0.0,1.0585978763085442,-0.5917477699719788,0.6280823271951655,0.0006624648242842,-0.0067928720509498,-0.0075447236648505,-0.9711730453177314,-0.2360377144794932,0.03330335405902777,0.23446593831605633,-0.9710755496177581,-0.04514422115997001,0.042995811631541286,-0.036034348583903454,0.9984252029592797,0.000762939453125,11.2799072265625,0.00860588625073433
1738725354.3087482,-0.001068115234375,0.0,-0.001068115234375,1.0585530846364573,-0.5913710788223218,0.6285055198367775,0.0005988624204774,-0.0066805926345032,-0.0076811195544954,-0.971183457823754,-0.23600664709999522,0.0332197798625282,0.2344353887435302,-0.9710802175582118,-0.04520242882595615,0.042927144724129875,-0.03611195912317793,0.9984253535713721,0.000762939453125,11.2799072265625,0.00860588625073433
1738725354.3184438,-0.001068115234375,0.0,-0.001068115234375,1.0585646441089076,-0.5915142161600425,0.6283399289608655,0.0004523418421101,-0.0065566492871141,-0.0076890945451891,-0.9711865301328235,-0.2359936148287322,0.033222544282972735,0.23442236285137125,-0.9710834757766689,-0.04519998748543744,0.04292877221335531,-0.03610951167728025,0.9984253721148527,0.000762939453125,11.2799072265625,0.00860588625073433
1738725354.3286135,-0.001068115234375,0.001068115234375,-0.001068115234375,1.0585693023251976,-0.5915817365344012,0.6282607466652392,0.0004523418421101,-0.0065566492871141,-0.0076890945451891,-0.9711879706598217,-0.2359908082429113,0.03320036250577298,0.2344203698386977,-0.9710839688771162,-0.045199730027470006,0.042907060611809066,-0.036114592822368265,0.9984261216208884,0.000762939453125,11.2799072265625,0.00860588625073433
1738725354.339634,0.0,0.001068115234375,-0.001068115234375,1.0585737343705666,-0.5916459785841164,0.6281854089168855,0.0004523418421101,-0.0065566492871141,-0.0076890945451891,-0.9711892651313095,-0.2359882853078761,0.033180423311878926,0.23441857831539245,-0.9710844121205414,-0.045199498637626234,0.04288754404599575,-0.03611916020550628,0.9984267949287778,0.000762939453125,11.2799072265625,0.00860588625073433
1738725354.3484242,0.0,0.001068115234375,0.0,1.0585782279344262,-0.5917111123381346,0.6281090254516736,0.0004523418421101,-0.0065566492871141,-0.0076890945451891,-0.9711905771675893,-0.23598572725918449,0.03316020734010322,0.23441676191921804,-0.9710848615123782,-0.045199264073589304,0.04286775655657178,-0.03612379093394259,0.9984274771741647,0.000762939453125,11.2799072265625,0.00860588625073433
1738725354.3591952,0.001068115234375,-0.001068115234375,-0.001068115234375,1.0585828078955777,-0.5917774984121665,0.6280311733694035,0.0004523418421101,-0.0065566492871141,-0.0076890945451891,-0.9711919140127322,-0.23598311992939622,0.03313960266318637,0.2344149105933321,-0.9710853195405046,-0.04519902503855802,0.04284758858799152,-0.036128510643317194,0.9984281721139934,0.000762939453125,11.2799072265625,0.00860588625073433
1738725354.3688803,0.001068115234375,0.001068115234375,-0.001068115234375,1.0586009714752205,-0.5919981313696275,0.627769944244771,0.0004641110835943,-0.0064068637287822,-0.0076784724829836,-0.9711785768239963,-0.23604761829841886,0.03307104192131306,0.2344811255456581,-0.9710685104682779,-0.04521669757690728,0.0427875411885123,-0.036158952868744716,0.9984296452161651,0.000762939453125,11.2799072265625,0.00860588625073433
1738725354.3794522,-0.001068115234375,0.0,-0.00213623046875,1.0586058724882632,-0.5920657878506035,0.6276888595753507,0.0004641110835943,-0.0064068637287822,-0.0076784724829836,-0.9711756445780655,-0.2360627209914303,0.03304934396475987,0.234497074805847,-0.9710647270685342,-0.04521523803779231,0.04276668429841012,-0.03616196346211515,0.9984304297810062,0.000762939453125,11.2799072265625,0.00860588625073433
1738725354.3896854,0.0,0.0,0.0,1.058610268084336,-0.5921264672569787,0.6276161367624643,0.0004641110835943,-0.0064068637287822,-0.0076784724829836,-0.9711730141259545,-0.23607626611289323,0.033029883616252226,0.23451137922230175,-0.9710613336271742,-0.045213928710829715,0.04274797830029545,-0.0361646638641731,0.9984311330476574,0.000762939453125,11.2799072265625,0.00860588625073433
1738725354.3994837,0.0,0.0,0.0,1.0585929316736715,-0.5919429805767171,0.6278619472696773,0.0003711170666639,-0.0064642521042977,-0.0071250013534307,-0.9711950467158932,-0.23596708499059083,0.03316196670219153,0.23439637344010694,-0.9710879562298614,-0.04523849448685026,0.04287798214281885,-0.03616235703537794,0.9984256419889295,0.000762939453125,11.2799072265625,0.00860588625073433
1738725354.4106836,0.0,-0.001068115234375,-0.001068115234375,1.0585958531072206,-0.5919938671692822,0.6278058592590231,0.0003711170666639,-0.0064642521042977,-0.0071250013534307,-0.971195747097923,-0.23596473290009348,0.033158191239795035,0.23439397472255363,-0.9710883360122465,-0.045242770413947704,0.04287523099261583,-0.03616750597364763,0.9984255736302913,0.000762939453125,11.2799072265625,0.00860588625073433
1738725354.419506,0.0,0.001068115234375,-0.001068115234375,1.0585996477792272,-0.5920599641470485,0.6277330061201842,0.0003711170666639,-0.0064642521042977,-0.0071250013534307,-0.9711963926624756,-0.23596256483641764,0.033154711206916904,0.2343917637079627,-0.971088686052973,-0.0452467117676052,0.04287269510148895,-0.03617225201351954,0.9984255105910532,0.000762939453125,11.2799072265625,0.00860588625073433
1738725354.428116,-0.001068115234375,0.001068115234375,0.0,1.058603275448554,-0.592123152211368,0.6276633592319545,0.0003711170666639,-0.0064642521042977,-0.0071250013534307,-0.971197009803045,-0.23596049217217185,0.03315138433746668,0.23438965000789538,-0.9710890206664031,-0.045250479669748864,0.04287027080390685,-0.03617678917527754,0.9984254502997043,0.000762939453125,11.2799072265625,0.00860588625073433
1738725354.4381328,-0.001068115234375,-0.001068115234375,0.0,1.058580540038684,-0.5916588571930412,0.6281486244292599,0.0002628481327984,-0.0064411749229944,-0.0075536703297821,-0.9711548503772838,-0.2361251948094328,0.03321368640911533,0.23455464290200845,-0.9710519597132898,-0.045190829048499755,0.042922908589550876,-0.03609686846787185,0.9984260813926218,0.000762939453125,11.2799072265625,0.00860588625073433
1738725354.447989,-0.001068115234375,-0.00213623046875,-0.001068115234375,1.0585832565741364,-0.5917254267358704,0.6280705572464016,0.0002628481327984,-0.0064411749229944,-0.0075536703297821,-0.9711556342804992,-0.23612256343367208,0.03320947218419373,0.23455195817590727,-0.9710523851941117,-0.045195620636007114,0.04291984297604859,-0.036102634894671345,0.9984260046856619,0.000762939453125,11.2799072265625,0.00860588625073433
1738725354.4612231,0.0,-0.001068115234375,-0.00213623046875,1.058585828543116,-0.5917884536324918,0.6279966445822247,0.0002628481327984,-0.0064411749229944,-0.0075536703297821,-0.971156250865464,-0.23612049363947155,0.03320615738666905,0.23454984644508006,-0.9710527198424282,-0.045199389588930376,0.04291743162778176,-0.03610717061851872,0.998425944320559,0.000762939453125,11.26983642578125,0.008598202839493752
1738725354.4699264,-0.001068115234375,0.0,-0.001068115234375,1.058588619727438,-0.5918568524689991,0.6279164321569927,0.0002628481327984,-0.0064411749229944,-0.0075536703297821,-0.9711569199894101,-0.23611824741327575,0.033202560069450514,0.23454755473524028,-0.971053082989247,-0.04520347978638511,0.04291481474271827,-0.036112092926909777,0.9984258787812125,0.000762939453125,11.2799072265625,0.00860588625073433
1738725354.4791589,0.0,0.0,0.0,1.0585822072247648,-0.5919156791867175,0.6278496219154791,-0.0001073495124588,-0.0062508255412024,-0.0073675199494501,-0.9711592744392229,-0.23610412408131295,0.03323411293352302,0.23453217044977895,-0.9710566673327167,-0.0452063032418438,0.042945601576855744,-0.03610805201715629,0.9984247011591452,0.000762939453125,11.2799072265625,0.00860588625073433
1738725354.491321,-0.001068115234375,0.0,0.0,1.0585811314753004,-0.5919783187094658,0.6277757919980657,-0.0001073495124588,-0.0062508255412024,-0.0073675199494501,-0.9711592021753213,-0.23610208890610662,0.03325067885572412,0.2345291187678686,-0.9710569524210978,-0.04521601048983464,0.0429638974042225,-0.03611369226239238,0.9984237100304744,0.000762939453125,11.2799072265625,0.00860588625073433
1738725354.499927,-0.001068115234375,0.001068115234375,-0.001068115234375,1.0585799680212844,-0.5920460651566813,0.6276959428168535,-0.0001073495124588,-0.0062508255412024,-0.0073675199494501,-0.9711591378249338,-0.2361002839726409,0.03326537129162404,0.23452641206064398,-0.9710572052169727,-0.04522461986753574,0.04298012407022928,-0.03611869466412664,0.9984228306838077,0.000762939453125,11.2799072265625,0.00860588625073433
1738725354.5095484,-0.001068115234375,0.0,-0.001068115234375,1.0585789864173425,-0.5921032227054301,0.6276285742144357,-0.0001073495124588,-0.0062508255412024,-0.0073675199494501,-0.9711590833432321,-0.23609876121006512,0.03327776727795908,0.23452412830718794,-0.9710574184631395,-0.045231883549736916,0.042993814458442886,-0.0361229152031775,0.9984220885555053,0.000762939453125,11.2799072265625,0.00860588625073433
1738725354.5207436,-0.001068115234375,-0.001068115234375,-0.00213623046875,1.0585778940287036,-0.5921668311061374,0.6275536023314301,-0.0001073495124588,-0.0062508255412024,-0.0073675199494501,-0.9711590225088814,-0.23609706664778796,0.033291562292925875,0.23452158668922662,-0.9710576557363967,-0.04523996698165195,0.043009049935581634,-0.03612761209993497,0.9984212624276364,0.000762939453125,11.2799072265625,0.00860588625073433
1738725354.529491,-0.001068115234375,0.0,-0.001068115234375,1.058594953052553,-0.5917207715370203,0.6281273547255211,0.0006572060872675,-0.0064292995374983,-0.0071330006758596,-0.9711839609541407,-0.23599799234345584,0.033266523642906734,0.23442468920116907,-0.9710824160977196,-0.04521068721829501,0.04297416757031135,-0.036109399824330736,0.998423423285915,0.000762939453125,11.2799072265625,0.00860588625073433
1738725354.539072,-0.001068115234375,0.001068115234375,-0.001068115234375,1.0586015468012264,-0.59178527669928,0.6280557893297402,0.0006572060872675,-0.0064292995374983,-0.0071330006758596,-0.9711797950899161,-0.23601324489998426,0.03327993150366572,0.23443916177015792,-0.9710786047739535,-0.0452175052250532,0.04298935958599924,-0.03611220821345672,0.9984226677015771,0.000762939453125,11.2799072265625,0.00860588625073433
1738725354.5526333,-0.001068115234375,0.0,0.0,1.0586089206535256,-0.5918574134400908,0.627975757062157,0.0006572060872675,-0.0064292995374983,-0.0071330006758596,-0.9711751358497833,-0.23603030195846111,0.03329492550753683,0.23445534639398988,-0.9710743422387714,-0.04522513010276047,0.04300634900138546,-0.036115348578340895,0.9984218224491269,0.000762939453125,11.2799072265625,0.00860588625073433
1738725354.5594153,-0.001068115234375,-0.001068115234375,0.0,1.0586147250976885,-0.5919141970136059,0.6279127584001878,0.0006572060872675,-0.0064292995374983,-0.0071330006758596,-0.9711714678734751,-0.23604372867508727,0.033306728173773226,0.23446808623581405,-0.971070986697641,-0.04523113232039058,0.04301972251647733,-0.03611782035549202,0.9984211568909054,0.000762939453125,11.2799072265625,0.00860588625073433
1738725354.5684326,-0.001068115234375,-0.003204345703125,-0.001068115234375,1.0585826621515475,-0.5915309364230502,0.6283289022405071,0.0008665341019942,-0.0065518224644818,-0.0069832152230036,-0.9711733153219546,-0.2360374847544232,0.0332971079430141,0.2344624138173477,-0.9710725972697001,-0.0452259586832778,0.04300893062500062,-0.03611532393159678,0.9984217121356135,0.000762939453125,11.2799072265625,0.00860588625073433
1738725354.5795503,0.0,-0.00213623046875,-0.00213623046875,1.0585915293950134,-0.5915979812223292,0.6282574429991301,0.0008665341019942,-0.0065518224644818,-0.0069832152230036,-0.9711725479077958,-0.2360362368385899,0.03332832263041548,0.2344595064323834,-0.9710727257984312,-0.04523826979326078,0.043042096066097234,-0.03612002366391491,0.9984201129067638,0.000762939453125,11.2799072265625,0.00860588625073433
1738725354.589542,0.0,-0.001068115234375,-0.001068115234375,1.0585929002636554,-0.5916270943867092,0.6282181089552129,0.0006914266978419,-0.0062773664162458,-0.0072553107545937,-0.9711711228376869,-0.23605098364426816,0.03326534663519781,0.2344774215888248,-0.9710693645716709,-0.045217562466676034,0.04297660911755293,-0.036114018205465344,0.9984231511527626,0.000762939453125,11.2799072265625,0.00860588625073433
1738725354.5987868,-0.001068115234375,0.0,0.0,1.0585992848977832,-0.5916850595881968,0.628151113415705,0.0006914266978419,-0.0062773664162458,-0.0072553107545937,-0.9711685604437769,-0.2360641958040703,0.03324639326212181,0.23449137296426795,-0.9710660553295128,-0.045216282378278246,0.04295838929586032,-0.03611663946378687,0.9984238404319821,0.000762939453125,11.2799072265625,0.00860588625073433
1738725354.608986,-0.001068115234375,0.0,-0.001068115234375,1.0586062807531118,-0.5917485739815964,0.62807770418149,0.0006914266978419,-0.0062773664162458,-0.0072553107545937,-0.9711657521313419,-0.2360786726962024,0.03322562542924186,0.23450665987015126,-0.9710624290716929,-0.04521487943065295,0.042938425258853184,-0.03611951194828975,0.9984245952964637,0.000762939453125,11.2799072265625,0.00860588625073433
1738725354.6181397,-0.001068115234375,0.0,-0.001068115234375,1.0586131189631536,-0.5918106571354531,0.628005949158127,0.0006914266978419,-0.0062773664162458,-0.0072553107545937,-0.9711630064827443,-0.23609282325398553,0.0332053255873119,0.2345216022197422,-0.9710588843146292,-0.04521350778155658,0.04291891111948284,-0.03612231999180286,0.9984253327448817,0.000762939453125,11.2799072265625,0.00860588625073433
1738725354.628449,0.0,0.0,0.0,1.0586388223231682,-0.5920637910374229,0.6277291278103792,0.0006760826186218,-0.0063824849690087,-0.0070815416066277,-0.9711810093042,-0.23601325986422392,0.03324437298457582,0.2344433831979958,-0.9710807445628444,-0.0451496136633454,0.042938877972683254,-0.03605452409246248,0.9984269247425738,0.000762939453125,11.2799072265625,0.00860588625073433
1738725354.63916,0.0,0.0,0.0,1.0586455439365623,-0.5921272457029848,0.6276587231237261,0.0006760826186218,-0.0063824849690087,-0.0070815416066277,-0.9711818961503293,-0.2360095035883878,0.033245132061906685,0.23444016489935576,-0.971082132276729,-0.04513647587976076,0.04293639099660936,-0.0360417339877554,0.9984274934812954,0.000762939453125,11.2799072265625,0.00860588625073433
1738725354.6482017,-0.001068115234375,0.0,-0.001068115234375,1.0586523081431618,-0.5921911024650998,0.6275878722999517,0.0006760826186218,-0.0063824849690087,-0.0070815416066277,-0.9711827782246023,-0.23600576746469978,0.033245887013898766,0.2344369638420312,-0.9710835123611156,-0.04512340861381454,0.04293391741354416,-0.03602901252875472,0.9984280589966058,0.000762939453125,11.2799072265625,0.00860588625073433
1738725354.6593556,0.0,0.001068115234375,-0.00213623046875,1.0586597274738188,-0.5922611438551496,0.6275101594623607,0.0006760826186218,-0.0063824849690087,-0.0070815416066277,-0.9711837457165684,-0.236001669476908,0.033246715026419404,0.23443345271647908,-0.9710850259026439,-0.045109075750805756,0.04293120430835878,-0.03601505895835561,0.9984286790877254,0.000762939453125,11.2799072265625,0.00860588625073433
1738725354.6681337,0.0,0.0,-0.001068115234375,1.058665810865221,-0.5923185734549008,0.6274464397509841,0.0006760826186218,-0.0063824849690087,-0.0070815416066277,-0.9711845389902037,-0.23599830936941957,0.03324739390029186,0.23443057377925539,-0.9710862667519521,-0.045097323682072324,0.04292897976792061,-0.036003617881155074,0.9984291873716199,0.000762939453125,11.2799072265625,0.00860588625073433
1738725354.6793065,0.0,0.001068115234375,-0.001068115234375,1.058621015486581,-0.5921029807177715,0.6275810625400234,0.0003478265409195,-0.0057728731984015,-0.0077017040489292,-0.9711876863897501,-0.23602295882594718,0.03297939829605118,0.2344613458909072,-0.9710749816017199,-0.04518027656227584,0.04268905114837663,-0.03614613415380128,0.9984343252802292,0.000762939453125,11.2799072265625,0.00860588625073433
1738725354.6895714,-0.001068115234375,0.0,-0.001068115234375,1.058624492708511,-0.5921606921311359,0.6275040686046462,0.0003478265409195,-0.0057728731984015,-0.0077017040489292,-0.9711896852056461,-0.23601993815987538,0.03294213322124888,0.23445985977937397,-0.971075541993744,-0.04517594375098991,0.04265172332267702,-0.036150802654504405,0.9984357515459074,0.000762939453125,11.2896728515625,0.008613336831331253
1738725354.699838,0.0,0.0,-0.001068115234375,1.058627968539134,-0.5922183804530075,0.6274271054760854,0.0003478265409195,-0.0057728731984015,-0.0077017040489292,-0.9711916818239532,-0.23601691852696946,0.032904882996223024,0.23445837409925774,-0.9710761021763388,-0.045171612731243635,0.04261441036426248,-0.036155469171936044,0.9984371758294377,0.000762939453125,11.2799072265625,0.00860588625073433
1738725354.7097154,0.0,-0.001068115234375,-0.001068115234375,1.0586035664013491,-0.5918779377538623,0.6278732940171241,0.0002258212340731,-0.0059803458043518,-0.0074609135252263,-0.9711802988448829,-0.23602491887865976,0.03318229654328155,0.23445444574959384,-0.971075000544473,-0.04521566305830676,0.04289452183921567,-0.036132824216682145,0.9984260007683651,0.000762939453125,11.2799072265625,0.00860588625073433
1738725354.7200532,-0.001068115234375,-0.001068115234375,0.0,1.0586055460937072,-0.591937107393177,0.6277994892624095,0.000200452159785,-0.0059674956742226,-0.0074435482821935,-0.9711809338850371,-0.2360227851143827,0.033178887338745855,0.23445226932844068,-0.9710753458052794,-0.045219533123432916,0.04289203964527175,-0.03613748297829931,0.9984259387951926,0.000762939453125,11.2799072265625,0.00860588625073433
1738725354.7296498,-0.00213623046875,0.0,-0.00213623046875,1.05860760213151,-0.5919983159963075,0.6277231407876791,0.000200452159785,-0.0059674956742226,-0.0074435482821935,-0.9711815812185787,-0.2360206099805282,0.03317541207281105,0.2344500507373104,-0.9710756977337318,-0.045223478196821786,0.04288950933566406,-0.036142232019691564,0.998425875592966,2.4322509765625,11.2799072265625,27.43556536734104
1738725354.7397206,0.009613037109375,0.0128173828125,-0.06195068359375,1.0586102592256343,-0.5920591486169843,0.6276958132793508,0.0001570620836157,-0.0061160391751379,-0.0071296323902536,-0.9711910550178279,-0.235965659654053,0.033288768637275985,0.23438909697535623,-0.9710883483154773,-0.04526776982573018,0.04300797452142465,-0.03616112871504241,0.998420095399536,3.955841064453125,11.2799072265625,44.6215202100575
1738725354.751492,0.009613037109375,-0.005340576171875,-0.04486083984375,1.0586118260769806,-0.5921201622237954,0.6276246880666255,0.0001570620836157,-0.0061160391751379,-0.0071296323902536,-0.9711943913013483,-0.23594760507668588,0.03331939320245286,0.23436936900691824,-0.9710924972777097,-0.045280907701152284,0.04304013448053324,-0.03616751843184085,0.9984184781114479,3.984832763671875,11.2799072265625,44.9485438875854
1738725354.759469,0.008544921875,-0.00213623046875,0.124969482421875,1.058613399367872,-0.5921814265882127,0.6275532705389724,0.0001570620836157,-0.0061160391751379,-0.0071296323902536,-0.9711977399418495,-0.23592947640669504,0.03335014384236365,0.23434955944603988,-0.9710966628448934,-0.0452940989418977,0.04307242643839148,-0.036173935008153586,0.9984168530762766,3.3111572265625,11.2799072265625,37.34954632818699
1738725354.7721157,-0.0042724609375,-0.00640869140625,0.0811767578125,1.0586056118562803,-0.5918780986393838,0.627906897295872,0.0001619297714808,-0.0060917672360433,-0.0070235840239468,-0.9711810220136684,-0.2360199109095274,0.033196748858063285,0.23444837273366276,-0.9710758787945658,-0.045228289221451605,0.04291133886310365,-0.03614193240019814,0.9984249484660104,2.98919677734375,11.2799072265625,33.7178623303771
1738725354.7785978,-0.01068115234375,-0.01068115234375,-0.048065185546875,1.0586072251625935,-0.5919387909163565,0.6278369213282414,0.0001619297714808,-0.0060917672360433,-0.0070235840239468,-0.9711816441384247,-0.23601782065218022,0.03319340933350364,0.23444624045397539,-0.971076216798126,-0.04523208491807561,0.04290890846412887,-0.03614650057245568,0.9984248875457695,2.84271240234375,11.21978759765625,31.89462935552001
1738725354.7882645,0.0042724609375,-0.003204345703125,-0.1068115234375,1.0586088472131143,-0.5919998121487599,0.6277665660870736,0.0001619297714808,-0.0060917672360433,-0.0070235840239468,-0.9711822696223585,-0.23601571904900884,0.0331900517164984,0.23444409662542678,-0.9710765566115989,-0.04523590119415968,0.042906464881787676,-0.036151093498531094,0.9984248262689628,2.490997314453125,11.24969482421875,28.022959595546126
1738725354.7986917,0.0,0.011749267578125,-0.005340576171875,1.058610470882933,-0.5920608942988357,0.6276961406100655,0.0001619297714808,-0.0060917672360433,-0.0070235840239468,-0.9711828957178885,-0.23601361533121576,0.0331866907555665,0.234441950664933,-0.971076896742131,-0.04523972128664935,0.04290401884949497,-0.03615569100378941,0.9984247649044973,1.963043212890625,11.24969482421875,22.08363707177341
1738725354.8093276,0.00640869140625,-0.011749267578125,0.090789794921875,1.0586120848369656,-0.5921216109428773,0.6276261365480988,0.0001619297714808,-0.0060917672360433,-0.0070235840239468,-0.9711835180542435,-0.2360115241852953,0.033183349914023705,0.23443981755370566,-0.9710772348153855,-0.04524351852685299,0.04290158744344972,-0.03616026099239694,0.9984247038809656,1.14288330078125,11.24969482421875,12.857088353484869
1738725354.8189802,-0.008544921875,-0.008544921875,0.052337646484375,1.058948923471658,-0.5917036569416172,0.627996813614219,0.0058563530632618,-0.0026659501132169,-0.0051642068675655,-0.9703349081142624,-0.2394726293625408,0.033211833449496256,0.23787482130153342,-0.9702146729820655,-0.045815474689969576,0.043194160318837785,-0.036556095476607736,0.9983976744753845,1.377105712890625,11.259765625,15.505887567996979
1738725354.828405,-0.02349853515625,-0.003204345703125,-0.054473876953125,1.0590074460078192,-0.5917302977810985,0.6279452076949914,0.0058563530632618,-0.0026659501132169,-0.0051642068675655,-0.9702348093442007,-0.23988304781218853,0.03317435921246403,0.23828441973064704,-0.9701118180717395,-0.045864973031421404,0.043185067447569635,-0.03659486042984002,0.9983966477005366,0.879669189453125,11.259765625,9.90486890077591
1738725354.8386123,-0.007476806640625,0.011749267578125,-0.075836181640625,1.059066032963864,-0.5917569679460312,0.6278935449694882,0.0058563530632618,-0.0026659501132169,-0.0051642068675655,-0.9701344263901608,-0.24029387364520466,0.03313682273870258,0.2386944268355763,-0.9700086743823776,-0.04591450991330083,0.04317598094160092,-0.03663367182695875,0.9983956173572704,0.469207763671875,11.26983642578125,5.287894746288657
1738725354.8496673,0.008544921875,0.01068115234375,0.003204345703125,1.0591245613563784,-0.5917836114514627,0.6278419338860537,0.0058563530632618,-0.0026659501132169,-0.0051642068675655,-0.9700339699641544,-0.24070424439122903,0.03309930282694148,0.23910398186507986,-0.9699054584214836,-0.045963981338387194,0.043166919879065214,-0.03667244819015423,0.9983945856082629,0.879669189453125,11.26983642578125,9.913727873936296
1738725354.8590841,0.0042724609375,0.0,0.065155029296875,1.058136035239859,-0.5920507492062551,0.6278946093284267,-0.0003587542467306,-0.0084950355338917,-0.0075199556396591,-0.9716622401268016,-0.23404486330193897,0.03309823369520814,0.23246714752447584,-0.9715412083654944,-0.045461035728946976,0.042796219851752,-0.03647851983964965,0.9984176486604736,0.791168212890625,11.26983642578125,8.91633634455502
1738725354.8689594,0.005340576171875,-0.003204345703125,0.024566650390625,1.058222784750377,-0.5903281392541516,0.6283353322253046,0.0008417913420986,0.0108749352778149,-0.0023256744284454,-0.9710653392526025,-0.2364950973643307,0.033199033492915225,0.23493001052033363,-0.9709665945392599,-0.04507507565992824,0.04289518689951003,-0.03597139434978946,0.9984318012410203,0.937652587890625,11.259765625,10.55774837732315
1738725354.8793495,-0.00640869140625,0.00640869140625,-0.063018798828125,1.058231246436948,-0.590218824404739,0.6283119545459499,0.0008417913420986,0.0108749352778149,-0.0023256744284454,-0.9712208402728454,-0.23585820126024867,0.03318114401264773,0.23429743830089503,-0.97112333555765,-0.04499086063882503,0.042834446714605005,-0.035921804432181695,0.9984361943264025,0.762176513671875,11.26983642578125,8.589604636654258
1738725354.892291,-0.009613037109375,0.0128173828125,-0.043792724609375,1.0582635663333946,-0.5901589022159553,0.6281591469546894,0.0017618964043095,0.0091832728094161,-0.0072793455765037,-0.9707525440791842,-0.2377891951877019,0.033102821870295326,0.2362248611148735,-0.9706495935369124,-0.04513514769982956,0.0428638910395475,-0.03599534995817837,0.9984322819432162,2.84271240234375,11.2298583984375,31.923257745802402
1738725354.9010973,0.003204345703125,0.001068115234375,-0.020294189453125,1.0579665953014852,-0.5899064552639682,0.6280756750366241,0.0021165241563457,0.0115959773370602,-0.0070142779937975,-0.9709297741108917,-0.23705750063722422,0.033152905402174956,0.23549083566441065,-0.970827285889026,-0.0451491671177319,0.04288869388371101,-0.03602946523305298,0.9984299863144984,5.713653564453125,11.18988037109375,63.93509986810386
1738725354.9335015,0.020294189453125,-0.01068115234375,0.0299072265625,1.0579654134515195,-0.5890235053954586,0.6278131706540627,-0.0007403562769624,0.0110773094968128,-0.0021770727660719,-0.9713422302669298,-0.23545481759852982,0.03248539009631693,0.23392596597757484,-0.9712203067386228,-0.0448303270119021,0.0421059870033386,-0.035946413564897486,0.9984662944788352,12.247467041015623,11.099853515625,135.94509009271857
1738725354.93713,-0.01922607421875,-0.020294189453125,0.0469970703125,1.057957986197349,-0.5889123778265866,0.6277913302600734,-0.0007403562769624,0.0110773094968128,-0.0021770727660719,-0.9713914735534342,-0.23526515248224816,0.032386928461835114,0.23373940405736163,-0.9712647103348313,-0.04484142559180745,0.04200590552049715,-0.03598847712394477,0.9984689947192663,12.042236328125,11.10992431640625,133.78833420574665
1738725354.9448686,-0.00213623046875,-0.0213623046875,-0.001068115234375,1.0579505730099477,-0.5888014607265949,0.6277695312304667,-0.0007403562769624,0.0110773094968128,-0.0021770727660719,-0.9714401697351945,-0.2350774057135055,0.03228947116111426,0.2335547341252084,-0.9713086253668558,-0.04485242976308306,0.0419068346759774,-0.03603009313000767,0.9984716568818984,11.33880615234375,11.13983154296875,126.31239043548703
1738725354.954695,-0.05126953125,0.009613037109375,-0.088653564453125,1.0579431872157288,-0.5886909534870547,0.6277478127525523,-0.0007403562769624,0.0110773094968128,-0.0021770727660719,-0.9714886407433967,-0.23489034004897782,0.03219237577786061,0.2333707391088916,-0.9713523420577804,-0.04486341166958262,0.04180812163105461,-0.03607153629304374,0.9984742987353968,9.610748291015623,11.13983154296875,107.06211696378885
1738725354.9644256,0.018157958984375,0.025634765625,-0.01068115234375,1.0579357999407972,-0.5885804240928955,0.6277260899204925,-0.0007403562769624,0.0110773094968128,-0.0021770727660719,-0.9715370763053746,-0.23470322425281656,0.03209526272422307,0.233186699749505,-0.9713960315005117,-0.04487441414649406,0.04170938052691495,-0.036112968728546496,0.9984769306627329,8.526611328125,11.15966796875,95.15415132045746
1738725354.9745188,-0.026702880859375,-0.022430419921875,0.084381103515625,1.0577865415687469,-0.5894847065123153,0.62833983048403,-0.0038116693883864,0.0128004613219682,0.0001960405410858,-0.9710997405038938,-0.23639893175696614,0.032876116824155144,0.2347975430181108,-0.9709459443838254,-0.046196178167244153,0.04284165946749329,-0.03714186517619444,0.9983912429830827,7.354736328125,11.15966796875,82.07641541957855
1738725354.984816,0.018157958984375,0.020294189453125,0.086517333984375,1.0577526263153674,-0.5893776039165877,0.6283327146585234,-0.0040936142515689,0.0131651133569829,-0.0005119392012369,-0.9712716992020131,-0.23570894856928604,0.032750235015888376,0.23410185309678783,-0.9711022060294587,-0.04644166040710341,0.042750540416282616,-0.0374405797107954,0.9983839914006211,7.501220703125,11.1798095703125,83.86221900582314
1738725354.9953313,-0.022430419921875,0.007476806640625,-0.090789794921875,1.057711665611166,-0.5892458737923377,0.6283275921948758,-0.0040936142515689,0.0131651133569829,-0.0005119392012369,-0.9714699404326541,-0.23490923180391968,0.03261606427924395,0.23328871813092422,-0.9712769507518156,-0.04687706188622923,0.04269108605558818,-0.0379306966920923,0.9983680350551327,7.178497314453125,11.1798095703125,80.25423297658563
1738725355.0053651,-0.022430419921875,0.005340576171875,-0.13031005859375,1.0576705084134808,-0.5891135117426467,0.6283224451581465,-0.0040936142515689,0.0131651133569829,-0.0005119392012369,-0.9716684533161757,-0.23410545013361722,0.03248161091890759,0.2324715474691876,-0.9714516473098237,-0.04731465477324105,0.04263093298805584,-0.038423107068093446,0.9983517758765202,6.006622314453125,11.1798095703125,67.15289363637567
1738725355.0158257,0.007476806640625,0.0640869140625,0.01922607421875,1.057626248256193,-0.588971170537031,0.6283169100715027,-0.0040936142515689,0.0131651133569829,-0.0005119392012369,-0.9718811725442712,-0.23324081421943957,0.032337424699954084,0.23159261781931703,-0.9716385229918988,-0.047785353506247776,0.04256578233238611,-0.03895257655629719,0.9983340377619395,6.329345703125,11.199951171875,70.88836282491684
1738725355.0245697,0.024566650390625,-0.0640869140625,0.22216796875,1.057430157533383,-0.5888961470613207,0.6277297756428052,-0.0046318640817724,0.011639510155874,-0.0036457728119907,-0.9718221114339298,-0.23356280207572439,0.031783662700112014,0.23201561699095843,-0.9716290542198203,-0.04588828247170017,0.04159972596548425,-0.03722094145012525,0.9984408166321942,5.77239990234375,11.209716796875,64.70696814358234
1738725355.0359216,0.011749267578125,0.020294189453125,0.097198486328125,1.0573844410348965,-0.5887812650960822,0.6276937918651508,-0.0046318640817724,0.011639510155874,-0.0036457728119907,-0.9719029091887115,-0.23323919175362012,0.03168934427591,0.231693270975113,-0.9717033359448994,-0.04594404312211481,0.041508593030503665,-0.037310941339932936,0.9984412503302116,7.23724365234375,11.1798095703125,80.91100584715605
1738725355.0445786,-0.00213623046875,-0.06195068359375,-0.212554931640625,1.057337807427321,-0.5886640785078328,0.6276570862244798,-0.0046318640817724,0.011639510155874,-0.0036457728119907,-0.971985208302872,-0.23290905424498767,0.03159315259874676,0.23136443731487888,-0.9717789920265981,-0.04600095435682106,0.04141560076096667,-0.03740271522863348,0.9984416782702602,6.21185302734375,11.1798095703125,69.44733392447233
1738725355.054375,0.003204345703125,-0.05340576171875,-0.27984619140625,1.0572917805939406,-0.5885484166954139,0.6276208581800471,-0.0046318640817724,0.011639510155874,-0.0036457728119907,-0.9720663182211522,-0.23258317740376883,0.031498231200190054,0.2310398613985351,-0.9718535490271519,-0.04605715675413359,0.04132378764004232,-0.037493263822934185,0.9984420863239812,5.9478759765625,11.209716796875,66.67400524020195
1738725355.0648417,-0.030975341796875,0.00640869140625,0.0555419921875,1.0577557067549694,-0.5885333475878686,0.6272945903385847,0.0025465780132956,0.0222120679451638,-0.014748105775244,-0.9699500439983453,-0.24113285008822283,0.03243240287025676,0.23959863613683843,-0.9698292639234499,-0.04498546875454588,0.042301367696268244,-0.03586289790340396,0.9984610392223601,6.856536865234375,11.209716796875,76.85983646661043
1738725355.0782373,0.048065185546875,-0.086517333984375,0.44647216796875,1.0577811547090563,-0.5883113823928925,0.6271472125175727,0.0025465780132956,0.0222120679451638,-0.014748105775244,-0.9697887579354123,-0.24178684820854887,0.032386494337401595,0.24025640719260644,-0.9696689394385057,-0.04493335833324671,0.042268472707100435,-0.035794802996798325,0.998464875843627,6.35833740234375,11.199951171875,71.21306844055653
1738725355.0855691,0.024566650390625,0.0,0.165557861328125,1.0578066968865296,-0.5880885953514026,0.6269992890166469,0.0025465780132956,0.0222120679451638,-0.014748105775244,-0.9696264277700514,-0.2424431599153368,0.03234045114335787,0.24091650163265044,-0.9695075724137089,-0.044881023535144005,0.04223540944485596,-0.035726478174365854,0.9984687220670871,11.397552490234377,11.08978271484375,126.39638059772552
1738725355.0958238,-0.0213623046875,-0.071563720703125,-0.413360595703125,1.0578321244679922,-0.5878668078529701,0.6268520291804812,0.0025465780132956,0.0222120679451638,-0.014748105775244,-0.969464381237207,-0.24309641937640497,0.03229464969201948,0.24157352270239843,-0.9693464827118183,-0.044828892283663824,0.042202448288138614,-0.03565848202879049,0.9984725464517736,9.932708740234377,11.08978271484375,110.15158169902863
