time,rate_roll,rate_pitch,rate_yaw,pos_x,pos_y,pos_z,vel_x,vel_y,vel_z,R11,R12,R13,R21,R22,R23,R31,R32,R33,current,voltage,energy
1738722846.3958077,0.06622314453125,-0.011749267578125,-0.189056396484375,1.2156932775129794,-0.5861465036802074,0.6234706027118732,-0.0066204204224385,0.0426781256338564,-0.0009258302058424,-0.971472082786757,-0.2366386034738567,0.015625738763426968,0.23609618453682962,-0.9712536056829986,-0.030414225206723416,0.022373734894097445,-0.02585739340530674,0.9994152346213118,0.000762939453125,11.8096923828125,0.009010080248117447
1738722846.406459,0.065155029296875,-0.01068115234375,-0.191192626953125,1.2156249746354812,-0.5857061934580428,0.6234610509216395,-0.0066204204224385,0.0426781256338564,-0.0009258302058424,-0.9714797114738128,-0.2366051470864142,0.015658051186969526,0.2360615654224804,-0.9712615530039246,-0.03042914699252408,0.02240775591275124,-0.02586503486603018,0.9994142746860952,0.000762939453125,11.8096923828125,0.009010080248117447
1738722846.4177892,0.067291259765625,-0.011749267578125,-0.191192626953125,1.2155577773681934,-0.5852730104828592,0.6234516537450502,-0.0066204204224385,0.0426781256338564,-0.0009258302058424,-0.9714872144466925,-0.236572232212891,0.015689841057708077,0.23602750590683716,-0.9712693704152935,-0.030443826114293984,0.022441225946995776,-0.025872553775949405,0.9994133290781679,0.000762939453125,11.8096923828125,0.009010080248117447
1738722846.4262118,0.068359375,-0.0128173828125,-0.191192626953125,1.2156748659296517,-0.5859026498314195,0.623465636656939,-0.0063099770760368,0.0435361298390881,-0.0011876120977041,-0.9714728820058945,-0.23663704637279512,0.015599609325914351,0.23609550578788635,-0.9712540535772538,-0.030405189631297666,0.022346178060770862,-0.025854819545157306,0.9994159177401387,0.000762939453125,11.8096923828125,0.009010080248117447
1738722846.4361072,0.067291259765625,-0.01068115234375,-0.19012451171875,1.2156147129181856,-0.5854876199056634,0.6234543151508115,-0.0063099770760368,0.0435361298390881,-0.0011876120977041,-0.9714653393497061,-0.23666928509598334,0.015580241792615003,0.2361282909253114,-0.9712461573506175,-0.030402829742494166,0.02232766595172181,-0.025856359446290143,0.9994162916469456,0.000762939453125,11.8096923828125,0.009010080248117447
1738722846.4468966,0.067291259765625,-0.01068115234375,-0.19012451171875,1.2155515500476544,-0.5850518232459742,0.6234424271537136,-0.0063099770760368,0.0435361298390881,-0.0011876120977041,-0.9714574177295683,-0.23670313662226258,0.015559905249759507,0.23616271619232218,-0.971237864858823,-0.03040035106934117,0.022308227604713026,-0.025857977060416117,0.9994166838728875,0.000762939453125,11.8096923828125,0.009010080248117447
1738722846.4585032,0.067291259765625,-0.0128173828125,-0.189056396484375,1.2154886017163438,-0.5846175068146994,0.6234305795354268,-0.0063099770760368,0.0435361298390881,-0.0011876120977041,-0.9714495214319977,-0.2367368728455017,0.015539637861787301,0.23619702419296956,-0.971229599347087,-0.030397880098495984,0.02228885533015296,-0.025859589854240608,0.9994170743691754,0.000762939453125,11.8096923828125,0.009010080248117447
1738722846.4666033,0.06622314453125,-0.01068115234375,-0.19012451171875,1.2156941719988543,-0.5860257327098359,0.6234693555108758,-0.0064417765351703,0.0434778518276275,-0.0009747869818887,-0.9714769090046369,-0.2366192199643111,0.015619219387580877,0.2360788111265402,-0.9712603968428759,-0.030332102823554655,0.022347487730744523,-0.025779570750892992,0.9994178323023979,0.000762939453125,11.8096923828125,0.009010080248117447
1738722846.476563,0.06622314453125,-0.01068115234375,-0.19012451171875,1.215729875917033,-0.5864339198729652,0.6234727018959624,-0.006789960756301,0.0433932928704189,-0.001176291020274,-0.9714784092709103,-0.23661698120850577,0.015559708359581004,0.23607809581329994,-0.9712605536315189,-0.030332649679208228,0.022289750954821025,-0.02579420793838883,0.9994187439903272,0.000762939453125,11.81976318359375,0.009017763659358025
1738722846.486148,0.067291259765625,-0.01068115234375,-0.19012451171875,1.2156619966793525,-0.5860001171241397,0.6234609425146327,-0.006789960756301,0.0433932928704189,-0.001176291020274,-0.9714785956569565,-0.23661613957932634,0.015560869865286923,0.23607751389567508,-0.9712611003691094,-0.03031966923672347,0.022287790676174656,-0.02578133821902448,0.999419119782292,0.000762939453125,11.8096923828125,0.009010080248117447
1738722846.4959064,0.06622314453125,-0.011749267578125,-0.19012451171875,1.2155937168339868,-0.5855637541710347,0.6234491137321329,-0.006789960756301,0.0433932928704189,-0.001176291020274,-0.9714787831447286,-0.23661529296781375,0.01556203821462076,0.23607692851787906,-0.9712616501642048,-0.030306612180677317,0.02228581883624385,-0.025768392539338082,0.9994194976208622,0.000762939453125,11.8096923828125,0.009010080248117447
1738722846.5067067,0.067291259765625,-0.01068115234375,-0.19012451171875,1.2155261838843048,-0.5851321644801456,0.6234374143416451,-0.006789960756301,0.0433932928704189,-0.001176291020274,-0.9714789685833148,-0.2366144556021416,0.015563193772521279,0.2360763495179014,-0.9712621937782951,-0.030293697946526248,0.02228386857348874,-0.025755588463009238,0.9994198711574248,0.000762939453125,11.8096923828125,0.009010080248117447
1738722846.5162375,0.067291259765625,-0.011749267578125,-0.19012451171875,1.215786375714183,-0.5867865059338114,0.6234826383652425,-0.0067160118571751,0.0438357889967622,-0.001147484092832,-0.9714743084902457,-0.23663414008197295,0.015554796400594716,0.2360948147061545,-0.971255701154301,-0.03035788932277335,0.022291397718970197,-0.02581950276307429,0.999418054101887,0.000762939453125,11.81976318359375,0.009017763659358025
1738722846.5266314,0.067291259765625,-0.0128173828125,-0.19012451171875,1.2157087923452086,-0.5862801148993209,0.6234693826290022,-0.0067160118571751,0.0438357889967622,-0.001147484092832,-0.971469480506845,-0.2366542019015159,0.015551114626199087,0.2361148953483692,-0.9712507191142082,-0.030361106942302717,0.02228911479600057,-0.025823038986336092,0.9994180136555079,0.000762939453125,11.8096923828125,0.009010080248117447
1738722846.5380542,0.06622314453125,-0.0128173828125,-0.19012451171875,1.2156278106742346,-0.585751542955598,0.6234555462658108,-0.0067160118571751,0.0438357889967622,-0.001147484092832,-0.971464440596807,-0.23667514234593323,0.015547271511907473,0.2361358554619089,-0.971245518396423,-0.030364465418243114,0.022286731954353375,-0.025826730152991802,0.9994179714155631,0.058746337890625,11.8096923828125,0.6937761791050434
1738722846.5464504,0.06622314453125,-0.011749267578125,-0.189056396484375,1.2155572176997405,-0.5852732775334125,0.623430951425138,-0.0067422180810713,0.0438660306929087,-0.0011543094663165,-0.9714629698478855,-0.23668388911209812,0.015505961727613512,0.23614475652830516,-0.9712420739172563,-0.03040539125047003,0.02225650867754516,-0.02587606012666402,0.9994173689374262,0.000762939453125,11.8096923828125,0.009010080248117447
1738722846.55725,0.067291259765625,-0.01068115234375,-0.189056396484375,1.2158727637071771,-0.5873542326105885,0.6234831800486677,-0.0066635152450379,0.0437389626918269,-0.00146671870521,-0.9714697237666668,-0.23665782105311023,0.015480682772726618,0.23611980061932558,-0.9712487769496494,-0.03038507905699751,0.02222646081151176,-0.02586288862838247,0.9994183785740535,0.000762939453125,11.8096923828125,0.009010080248117447
1738722846.5660858,0.067291259765625,-0.011749267578125,-0.189056396484375,1.2158056621086597,-0.5869137812562818,0.6234684101913062,-0.0066635152450379,0.0437389626918269,-0.00146671870521,-0.9714658966547461,-0.23667485630053575,0.015460402061745898,0.23613738653256833,-0.9712445434290066,-0.03038373810031904,0.02220689799045539,-0.025865986439746004,0.9994187332780692,0.000762939453125,11.8096923828125,0.009010080248117447
1738722846.5758944,0.067291259765625,-0.01068115234375,-0.19012451171875,1.2157395267198523,-0.5864796720515654,0.6234538530081569,-0.0066635152450379,0.0437389626918269,-0.00146671870521,-0.9714621239613993,-0.23669164611924323,0.015440413393750196,0.23615471912393604,-0.9712403705714817,-0.03038241609328656,0.022187616904522596,-0.02586903998090462,0.9994190824807001,0.000762939453125,11.8096923828125,0.009010080248117447
1738722846.5865448,0.067291259765625,-0.009613037109375,-0.191192626953125,1.2156727449700668,-0.5860413201674679,0.6234391535532934,-0.0066635152450379,0.0437389626918269,-0.00146671870521,-0.9714583137025325,-0.23670859989419143,0.015420229387507442,0.2361722210124817,-0.9712361566329795,-0.03038108080418035,0.022168147425151476,-0.02587212370351985,0.999419434699369,0.000762939453125,11.8096923828125,0.009010080248117447
1738722846.59469,0.068359375,-0.009613037109375,-0.191192626953125,1.2157989133191724,-0.586765971806647,0.6234688965411361,-0.0063523046431369,0.0436235459478113,-0.0013508786620353,-0.9714750806741402,-0.2366347042583197,0.01549788275056244,0.23609656964006373,-0.9712548818483419,-0.030370450934389698,0.022239096954848093,-0.025845139317504543,0.9994185566319507,0.000762939453125,11.8096923828125,0.009010080248117447
1738722846.6068554,0.067291259765625,-0.0128173828125,-0.19012451171875,1.215735377568132,-0.586329649100077,0.6234553850527584,-0.0063523046431369,0.0436235459478113,-0.0013508786620353,-0.9714749513234995,-0.23663561289708085,0.015492116053886833,0.23609745874592958,-0.9712544289650844,-0.030378021486295505,0.022235308064388903,-0.02585383771378345,0.999418415955375,0.000762939453125,11.8096923828125,0.009010080248117447
1738722846.6173563,0.067291259765625,-0.011749267578125,-0.19012451171875,1.215671810055568,-0.5858931082757772,0.6234418668099875,-0.0063523046431369,0.0436235459478113,-0.0013508786620353,-0.9714748841072748,-0.23663608498248673,0.015489119823869506,0.23609792071368965,-0.9712541936322635,-0.030381954947205293,0.022233339457426837,-0.025858357177187926,0.999418342827801,0.000762939453125,11.8096923828125,0.009010080248117447
1738722846.6259594,0.067291259765625,-0.01068115234375,-0.19012451171875,1.2156493631149248,-0.585612334277953,0.6234140824514744,-0.0061201289306747,0.0436090751128199,-0.0016032010930865,-0.9714666573797002,-0.2366720518358529,0.015455532320812634,0.23613481871232536,-0.9712453226260963,-0.03037878649036877,0.02220092320624459,-0.02586238884437257,0.9994189591217754,0.000762939453125,11.8096923828125,0.009010080248117447
1738722846.6361651,0.067291259765625,-0.01068115234375,-0.19012451171875,1.2158278182350544,-0.5868831759815849,0.6234594907254624,-0.0061118158173178,0.0436234108089898,-0.0017335992980504,-0.9714672270191297,-0.23667023330482306,0.015447572469594148,0.2361335523704972,-0.9712461175426388,-0.03036321134597605,0.02218946309968767,-0.02584917456692517,0.9994195554928652,0.000762939453125,11.8096923828125,0.009010080248117447
1738722846.6472428,0.06622314453125,-0.01068115234375,-0.19012451171875,1.215766693965065,-0.5864468982500841,0.6234421529988825,-0.0061118158173178,0.0436234108089898,-0.0017335992980504,-0.9714675392412614,-0.2366702526662245,0.015427627926342254,0.2361340917346554,-0.9712459923689146,-0.03036302073199408,0.02217004558356952,-0.025853700126434665,0.9994198693585169,0.000762939453125,11.8096923828125,0.009010080248117447
1738722846.6568122,0.06622314453125,-0.01068115234375,-0.19012451171875,1.2157576535002232,-0.5864471910298172,0.6234540908323675,-0.0064101677264152,0.0437703783944865,-0.0014815383637984,-0.9714631977580107,-0.23668577825724044,0.015462786700485424,0.23614853598308622,-0.9712422431653795,-0.03037061152046249,0.022206403464436236,-0.0258524169439964,0.9994190953665676,0.000762939453125,11.8096923828125,0.009010080248117447
1738722846.666593,0.06622314453125,-0.01068115234375,-0.19012451171875,1.215693622334804,-0.5860099687200347,0.6234392917456515,-0.0064101677264152,0.0437703783944865,-0.0014815383637984,-0.9714593996126373,-0.23670268009608622,0.015442672682672937,0.2361659838124108,-0.9712380424350084,-0.030369277517398395,0.022187000567233862,-0.02585548611692491,0.999419446900793,0.000762939453125,11.8096923828125,0.009010080248117447
1738722846.6767597,0.069427490234375,-0.0128173828125,-0.19012451171875,1.2156284950307037,-0.5855652616755467,0.6234242393158753,-0.0064101677264152,0.0437703783944865,-0.0014815383637984,-0.9714555357369136,-0.23671987113575743,0.01542221435386823,0.2361837302262475,-0.9712337694873574,-0.030367920307355783,0.022167265562567682,-0.025858608176952833,0.9994198040466425,0.000762939453125,11.8096923828125,0.009010080248117447
1738722846.685741,0.068359375,-0.013885498046875,-0.19012451171875,1.2155584254872864,-0.5850868076693166,0.6234080446200206,-0.0064101677264152,0.0437703783944865,-0.0014815383637984,-0.9714513778475863,-0.23673836657525502,0.015400203547563662,0.23620282322657093,-0.971229171939283,-0.030366459687162416,0.022146033004208823,-0.02586196754724872,0.9994201878373088,0.000762939453125,11.8096923828125,0.009010080248117447
1738722846.6959856,0.067291259765625,-0.01068115234375,-0.19012451171875,1.2155046783315064,-0.5847093672150867,0.6234042603126769,-0.0063639580419494,0.0436715325857495,-0.0012915778887356,-0.9714660381590944,-0.23667382955244973,0.015467226915353946,0.2361360996367103,-0.9712447383671957,-0.03038750799916357,0.02221439064738673,-0.025868061369487595,0.9994185130610448,0.000762939453125,11.8096923828125,0.009010080248117447
1738722846.7049525,0.067291259765625,-0.01068115234375,-0.19012451171875,1.215441051479003,-0.5842727392322944,0.6233913471169454,-0.0063639580419494,0.0436715325857495,-0.0012915778887356,-0.971465918272646,-0.23667467271749162,0.015461853988219452,0.2361369247185892,-0.971244316801949,-0.030394569652528552,0.022210862638180895,-0.02587617386676955,0.9994183814633811,0.000762939453125,11.8096923828125,0.009010080248117447
1738722846.7159238,0.068359375,-0.011749267578125,-0.189056396484375,1.2153774437183738,-0.5838362422640998,0.6233784377959475,-0.0063639580419494,0.0436715325857495,-0.0012915778887356,-0.9714658515715712,-0.2366751417492728,0.015458865038659904,0.23613738372041962,-0.9712440822610631,-0.030398498030996708,0.02220890001772201,-0.025880686830662733,0.9994183082219256,0.000762939453125,11.8096923828125,0.009010080248117447
1738722846.725369,0.067291259765625,-0.011749267578125,-0.19012451171875,1.2158582650070715,-0.5871955523745529,0.6234821799901804,-0.0063880424362098,0.043660109691745,-0.001290426173036,-0.9714860826613725,-0.2365878219765041,0.015523971388625522,0.2360484334868053,-0.9712657532259066,-0.030396935025383244,0.022269446416247524,-0.0258657902049428,0.9994173465841925,0.000762939453125,11.8096923828125,0.009010080248117447
1738722846.7350364,0.06622314453125,-0.011749267578125,-0.19012451171875,1.2157992650471308,-0.58679230760144,0.6234702616140462,-0.0063880424362098,0.043660109691745,-0.001290426173036,-0.9714856485466269,-0.23658871185827426,0.015537570247058237,0.23604879654628041,-0.9712654196436868,-0.030404773530244695,0.022284530890115433,-0.025870176373871692,0.9994168968240392,0.000762939453125,11.8096923828125,0.009010080248117447
1738722846.7460878,0.067291259765625,-0.01068115234375,-0.191192626953125,1.2157237264453225,-0.586276026804335,0.6234550023245501,-0.0063880424362098,0.043660109691745,-0.001290426173036,-0.9714851211179968,-0.2365897925351939,0.015554083531504156,0.2360492372556596,-0.9712650145229141,-0.03041429195008051,0.022302848189691367,-0.025875502545019705,0.9994163503418734,0.000762939453125,11.8096923828125,0.009010080248117447
1738722846.7554514,0.067291259765625,-0.011749267578125,-0.189056396484375,1.2156712295125818,-0.5859172280228883,0.62344439760226,-0.0063880424362098,0.043660109691745,-0.001290426173036,-0.9714847543931736,-0.23659054362311813,0.015565559731423715,0.23604954343185772,-0.9712647329465529,-0.030420906953486402,0.022315578129338515,-0.025879204052261448,0.9994159703398655,0.000762939453125,11.8096923828125,0.009010080248117447
1738722846.768204,0.067291259765625,-0.011749267578125,-0.19012451171875,1.215707407026402,-0.5861659850715731,0.62346779346367,-0.0065761993932054,0.0430460765528222,-0.0007339266252606,-0.9714741732867099,-0.23663374846051394,0.015569191579196704,0.23609345504950197,-0.971255196254684,-0.030384605165511825,0.022311681238587226,-0.025842074951548537,0.9994170180872979,0.000762939453125,11.8096923828125,0.009010080248117447
1738722846.775027,0.067291259765625,-0.011749267578125,-0.191192626953125,1.2156415003560832,-0.5857345772923608,0.6234604380510316,-0.0065761993932054,0.0430460765528222,-0.0007339266252606,-0.9714815103926694,-0.23660013707688113,0.015622102943555358,0.2360584461260018,-0.9712636530448188,-0.030386284514753007,0.022362579854647464,-0.02583198422953751,0.9994161413610496,0.000762939453125,11.8096923828125,0.009010080248117447
1738722846.785184,0.06622314453125,-0.011749267578125,-0.189056396484375,1.2155758304289428,-0.5853047191719043,0.6234531090597517,-0.0065761993932054,0.0430460765528222,-0.0007339266252606,-0.9714887637225619,-0.23656689108889223,0.015674437831844946,0.23602381826696214,-0.9712720165272265,-0.030387943691846234,0.02241292420663107,-0.02582200518300235,0.9994152714847,0.000762939453125,11.81976318359375,0.009017763659358025
1738722846.7952428,0.067291259765625,-0.011749267578125,-0.189056396484375,1.215682929524541,-0.5860349353159549,0.6234649311738933,-0.0065188292470862,0.0430098365769892,-0.0010949663076981,-0.9714905154776122,-0.23656409252829888,0.015607961535888433,0.2360224693751466,-0.971271968380093,-0.030399957057825118,0.02235111377764679,-0.025849440328991103,0.9994159465145515,0.000762939453125,11.8096923828125,0.009010080248117447
1738722846.8050833,0.068359375,-0.01068115234375,-0.191192626953125,1.215555216475488,-0.5851924215398167,0.6234384575280193,-0.0065592606890066,0.0434572506091299,-0.0014078936656441,-0.9714912596723706,-0.2365628329046345,0.015580708209982023,0.2360218551511344,-0.9712720339738958,-0.030402630005122073,0.022325238435626137,-0.025858501664740588,0.9994162904518052,0.000762939453125,11.8096923828125,0.009010080248117447
1738722846.818459,0.06622314453125,-0.01068115234375,-0.19012451171875,1.2154895910722945,-0.5847576317474722,0.6234243715518946,-0.0065592606890066,0.0434572506091299,-0.0014078936656441,-0.9714874593700634,-0.2365797647552711,0.01556056538304212,0.23603933413952702,-0.9712678282530757,-0.030401291741020926,0.022305806994324405,-0.02586156818320468,0.9994166449811798,0.000762939453125,11.8096923828125,0.009010080248117447
1738722846.8275297,0.067291259765625,-0.01068115234375,-0.189056396484375,1.2154240378209686,-0.5843233199848846,0.6234103010626001,-0.0065592606890066,0.0434572506091299,-0.0014078936656441,-0.9714836625522957,-0.23659667785475516,0.015540444719194284,0.23605679381111047,-0.9712636268576875,-0.030399954586638543,0.022286396963080143,-0.025864631668439268,0.9994169987242862,0.000762939453125,11.8096923828125,0.009010080248117447
1738722846.8348093,0.067291259765625,-0.011749267578125,-0.189056396484375,1.2153585042474249,-0.5838891385940488,0.6233962347969867,-0.0065592606890066,0.0434572506091299,-0.0014078936656441,-0.9714798661812497,-0.23661358574196198,0.015520330112222109,0.2360742481422045,-0.9712594264252272,-0.030398617472369882,0.022266992804462725,-0.02586769457199124,0.9994173519651218,0.000762939453125,11.81976318359375,0.009017763659358025
1738722846.8463507,0.067291259765625,-0.0128173828125,-0.19012451171875,1.2155969072335515,-0.5855306552374495,0.6234358604083722,-0.0066332499573595,0.0433045218398426,-0.0013900358091514,-0.9715061509240325,-0.23650941207528595,0.015462752554882086,0.23597104063815222,-0.9712837342800257,-0.030423272394596593,0.0222141103112062,-0.025907634451082136,0.9994174942336314,0.000762939453125,11.8096923828125,0.009010080248117447
1738722846.85598,0.067291259765625,-0.011749267578125,-0.1922607421875,1.2155360007324432,-0.5851330331179161,0.6234230970995726,-0.0066332499573595,0.0433045218398426,-0.0013900358091514,-0.9715064373096206,-0.23650943177809045,0.015444447091853516,0.23597153868850196,-0.9712836187711374,-0.030423097078116065,0.02219628786416977,-0.025911784709827437,0.9994177826205628,0.000762939453125,11.8096923828125,0.009010080248117447
1738722846.8715706,0.06622314453125,-0.01068115234375,-0.19012451171875,1.215465210688898,-0.5846708872608414,0.6234082626374173,-0.0066332499573595,0.0433045218398426,-0.0013900358091514,-0.9715067697579811,-0.23650945458263403,0.01542317112133868,0.23597211755555944,-0.9712834845191016,-0.030422893300564146,0.022175573290410307,-0.025916608448198757,0.9994181173842029,0.000762939453125,11.8096923828125,0.009010080248117447
1738722846.876339,0.06622314453125,-0.011749267578125,-0.19012451171875,1.215403150002297,-0.5842657301545078,0.6233952574623869,-0.0066332499573595,0.0433045218398426,-0.0013900358091514,-0.9715070608482838,-0.23650947449060325,0.015404518756125814,0.23597262503711602,-0.9712833668229672,-0.03042271464110123,0.022157413094081865,-0.02592083735568581,0.9994184104947028,0.000762939453125,11.8096923828125,0.009010080248117447
1738722846.8864527,0.06622314453125,-0.0128173828125,-0.19012451171875,1.2158411560489844,-0.5871287035667561,0.6234867392141745,-0.0067176063690503,0.0434325011106459,-0.0014446088910852,-0.971508306857889,-0.23649569481466615,0.015536925057615312,0.23595536838791442,-0.9712874904945563,-0.030424906535775793,0.02228618036006274,-0.02589202855929602,0.9994162941547649,0.000762939453125,11.81976318359375,0.009017763659358025
1738722846.8960228,0.06622314453125,-0.011749267578125,-0.19012451171875,1.2157741009022085,-0.5866951603406696,0.6234723191282238,-0.0067176063690503,0.0434325011106459,-0.0014446088910852,-0.971512724003888,-0.23647884245144454,0.01551722176712373,0.23593900897529954,-0.971291434639566,-0.0304258613611333,0.02226681706707885,-0.025897993525334135,0.9994165711999491,0.000762939453125,11.8096923828125,0.009010080248117447
1738722846.9072285,0.06622314453125,-0.011749267578125,-0.189056396484375,1.2157040362677791,-0.5862421593540856,0.6234572518574897,-0.0067176063690503,0.0434325011106459,-0.0014446088910852,-0.9715173386826388,-0.23646123354120036,0.015496634188649275,0.2359219152852382,-0.9712955554904803,-0.030426859394032363,0.02224658461759442,-0.025904225844700327,0.9994168602521367,0.000762939453125,11.8096923828125,0.009010080248117447
1738722846.917366,0.067291259765625,-0.011749267578125,-0.19012451171875,1.2156394464825409,-0.5858245558559068,0.6234433619430019,-0.0067176063690503,0.0434325011106459,-0.0014446088910852,-0.971521592125706,-0.23644500041006866,0.015477655333286926,0.23590615724677244,-0.9712993540571602,-0.03042777976133805,0.022227933025688006,-0.025909970845719745,0.9994171263312328,0.000762939453125,11.8096923828125,0.009010080248117447
1738722846.9260793,0.067291259765625,-0.011749267578125,-0.191192626953125,1.2157588489282591,-0.5864473798799241,0.6234598821829258,-0.0063720576896198,0.0434656417317646,-0.0011611416456666,-0.9714961347770535,-0.23654735447177522,0.01551158295111131,0.23600770661796427,-0.9712748220842632,-0.0304233857766017,0.022262581390615294,-0.025895348570493644,0.9994167340965624,0.000762939453125,11.81976318359375,0.009017763659358025
1738722846.9375,0.067291259765625,-0.009613037109375,-0.191192626953125,1.215678439932274,-0.5858988869469111,0.6234452297364992,-0.0063720576896198,0.0434656417317646,-0.0011611416456666,-0.9714955652795718,-0.23654853815397134,0.015529189912690328,0.23600820783566615,-0.9712743825252068,-0.030433528952047303,0.022282111128038327,-0.025901022132287663,0.9994161518487584,0.000762939453125,11.8096923828125,0.009010080248117447
1738722846.9460945,0.067291259765625,-0.01068115234375,-0.19012451171875,1.215631490611217,-0.5855786320986314,0.6234366744448538,-0.0063720576896198,0.0434656417317646,-0.0011611416456666,-0.9714952326010847,-0.23654922933017242,0.015539470282662417,0.23600850039564011,-0.9712741258478236,-0.030439451367382495,0.022293514177118768,-0.02590433480805089,0.999415811693905,0.000762939453125,11.8096923828125,0.009010080248117447
1738722846.9561696,0.067291259765625,-0.009613037109375,-0.19012451171875,1.2155679165916475,-0.5851449753910736,0.623425089734655,-0.0063720576896198,0.0434656417317646,-0.0011611416456666,-0.9714947819341458,-0.2365501653052432,0.015553390909653256,0.23600889644294257,-0.9712737782495521,-0.030447470906863887,0.022308955029556394,-0.02590882048457702,0.9994153508659886,0.000762939453125,11.8096923828125,0.009010080248117447
1738722846.9702635,0.067291259765625,-0.01068115234375,-0.191192626953125,1.2158971892670882,-0.587239106933341,0.623488606426346,-0.0061800939897364,0.0440241581162939,-0.0012508695768263,-0.9714640840610063,-0.23667597843254679,0.015556818842766787,0.2361371141256655,-0.9712461501774096,-0.030334453975027827,0.022288936984801395,-0.025795290239834436,0.9994187342098058,0.000762939453125,11.8096923828125,0.009010080248117447
1738722846.976162,0.06622314453125,-0.011749267578125,-0.19012451171875,1.2158350978627734,-0.5867967962167465,0.6234760389397076,-0.0061800939897364,0.0440241581162939,-0.0012508695768263,-0.9714597445641427,-0.23669260639024944,0.01557481208750415,0.23615349890859894,-0.9712424809880249,-0.030324380907987586,0.022304475887072107,-0.025780868961631342,0.999418759655324,0.000762939453125,11.8096923828125,0.009010080248117447
1738722846.9884481,0.06622314453125,-0.01068115234375,-0.19012451171875,1.2157506777788736,-0.586195426216878,0.6234589520612882,-0.0061800939897364,0.0440241581162939,-0.0012508695768263,-0.9714538436431598,-0.23671521339902396,0.015599276149420995,0.23617577596251463,-0.9712374916393803,-0.030310685946518513,0.02232560233085459,-0.025761261217163066,0.9994187935500641,0.000762939453125,11.8096923828125,0.009010080248117447
1738722846.9961977,0.06622314453125,-0.01068115234375,-0.189056396484375,1.2157129668453484,-0.5859267908040524,0.6234513192551303,-0.0061800939897364,0.0440241581162939,-0.0012508695768263,-0.9714512073335355,-0.23672531188304477,0.015610204485891966,0.2361857273025407,-0.9712352626146448,-0.030304568507599973,0.02233503948476629,-0.02575250216458806,0.9994188084299178,0.000762939453125,11.8096923828125,0.009010080248117447
1738722847.0060687,0.067291259765625,-0.011749267578125,-0.19012451171875,1.2158210426774332,-0.5867002204833515,0.6234651817320871,-0.0061847370184779,0.0439672601939155,-0.0017522463548166,-0.9714688917212042,-0.23666064894287725,0.015489663001867923,0.23612382938136064,-0.9712498122763119,-0.03032060935256728,0.022220027368509598,-0.025798050220222274,0.9994201974087663,0.000762939453125,11.8096923828125,0.009010080248117447
1738722847.0164928,0.06622314453125,-0.0128173828125,-0.19012451171875,1.2157593128172517,-0.586261383259356,0.6234476925612197,-0.0061847370184779,0.0439672601939155,-0.0017522463548166,-0.9714698253627272,-0.2366589531467299,0.015456982409455762,0.23612344809063399,-0.9712505665541566,-0.030299409730542723,0.022183229510195628,-0.025785206295927086,0.999421346312342,0.000762939453125,11.8096923828125,0.009010080248117447
1738722847.026413,0.06622314453125,-0.0128173828125,-0.19012451171875,1.2156926042437703,-0.5857871523909044,0.6234287928320366,-0.0061847370184779,0.0439672601939155,-0.0017522463548166,-0.9714708329512298,-0.23665712105093595,0.015421665958201249,0.2361230351696936,-0.9712513813591873,-0.030276500295148903,0.02214346376011067,-0.025771326387152845,0.9994225861711109,0.000762939453125,11.8096923828125,0.009010080248117447
1738722847.0363297,0.067291259765625,-0.0128173828125,-0.19012451171875,1.2158545096567528,-0.5870057369078742,0.6235020373728887,-0.006352329984208,0.0437722285150564,-0.0008673636035905,-0.9714809346802559,-0.23659728857534873,0.015700846842437405,0.23605357385109252,-0.971264850727832,-0.030385852181056664,0.02243889090180987,-0.025813035068263025,0.9994149205388426,0.000762939453125,11.8096923828125,0.009010080248117447
1738722847.0464008,0.06622314453125,-0.011749267578125,-0.19012451171875,1.2157915263049592,-0.5865717352621475,0.6234934374627591,-0.006352329984208,0.0437722285150564,-0.0008673636035905,-0.9714844263163565,-0.23658062910101618,0.01573579864345041,0.23603609621137817,-0.9712692103296529,-0.03038227033823892,0.022471553352468206,-0.025801685987164154,0.9994144797280791,0.000762939453125,11.8096923828125,0.009010080248117447
1738722847.0561059,0.06622314453125,-0.01068115234375,-0.191192626953125,1.2157279458341472,-0.5861336190269402,0.6234847560204507,-0.006352329984208,0.0437722285150564,-0.0008673636035905,-0.9714879495945554,-0.23656381120900308,0.015771081726929,0.2360184529187622,-0.9712736109197819,-0.03037865389845299,0.0225045256426426,-0.025790229877205605,0.9994140335058741,0.000762939453125,11.8096923828125,0.009010080248117447
1738722847.0672555,0.068359375,-0.01068115234375,-0.191192626953125,1.2156644733529451,-0.5856962469196177,0.6234760893233237,-0.006352329984208,0.0437722285150564,-0.0008673636035905,-0.9714914654247532,-0.2365470214045776,0.015806304801816953,0.23600083963824595,-0.9712780036916197,-0.03037504296070889,0.022537442111041802,-0.025778793793432075,0.9994135868066069,0.000762939453125,11.8096923828125,0.009010080248117447
1738722847.077846,0.068359375,-0.011749267578125,-0.19012451171875,1.215518163432031,-0.5845901616775377,0.6234251933972159,-0.0062069427051683,0.0430574118065578,-0.0011001695106944,-0.971529201344811,-0.23639480546880773,0.015764101042502778,0.23584818689963455,-0.9713129145892757,-0.030444288269583442,0.02250874653259769,-0.025859580419082682,0.9994121464291298,0.000762939453125,11.8096923828125,0.009010080248117447
1738722847.0871873,0.067291259765625,-0.011749267578125,-0.19012451171875,1.2154526305309497,-0.5841355615236841,0.623413577807522,-0.0062069427051683,0.0430574118065578,-0.0011001695106944,-0.9715419245171562,-0.23634082893912667,0.015789283766748357,0.23579324161352494,-0.9713257964477666,-0.030458896311218325,0.02253521943284089,-0.02586908833875216,0.999411303795207,0.000762939453125,11.8096923828125,0.009010080248117447
1738722847.0961354,0.068359375,-0.01068115234375,-0.18798828125,1.2153942294070368,-0.5837304343359961,0.6234032263125958,-0.0062069427051683,0.0430574118065578,-0.0011001695106944,-0.9715532599334916,-0.23629272611465096,0.015811726594897088,0.2357442749333806,-0.9713372737264142,-0.030471913393673437,0.02255881088931542,-0.02587756277247559,0.9994105521737383,0.000762939453125,11.8096923828125,0.009010080248117447
1738722847.106739,0.068359375,-0.01068115234375,-0.19012451171875,1.2153299999639238,-0.5832848762386219,0.6233918417584992,-0.0062069427051683,0.0430574118065578,-0.0011001695106944,-0.9715657232007391,-0.23623982226254267,0.015836409908405433,0.23569042044151559,-0.9713498934984425,-0.030486228245976806,0.02258475622021217,-0.025886884283868997,0.9994097247918629,0.000762939453125,11.8096923828125,0.009010080248117447
1738722847.117012,0.067291259765625,-0.013885498046875,-0.19012451171875,1.2157559772091278,-0.5862309508519428,0.6234681852952684,-0.0060775846663825,0.0434318762907376,-0.0009574876101827,-0.9714736228034304,-0.23662734761953053,0.01570027247292336,0.2360834224860495,-0.9712572913428,-0.0303955858755971,0.02244143098047968,-0.025821935868427837,0.9994146335748517,0.000762939453125,11.8096923828125,0.009010080248117447
1738722847.1265407,0.067291259765625,-0.011749267578125,-0.19012451171875,1.215700245757737,-0.5858326805463566,0.623459405133883,-0.0060775846663825,0.0434318762907376,-0.0009574876101827,-0.9714721448817136,-0.2366294651905614,0.01575969297136906,0.23608358400998358,-0.9712566665975702,-0.030414288595615114,0.022503623706504865,-0.0258260293774559,0.9994131293547582,0.000762939453125,11.8096923828125,0.009010080248117447
1738722847.1380801,0.067291259765625,-0.011749267578125,-0.19012451171875,1.2156395002989964,-0.5853985789428308,0.6234498350452192,-0.0060775846663825,0.0434318762907376,-0.0009574876101827,-0.9714705297823338,-0.23663177355057252,0.01582445925591624,0.23608375873981802,-0.9712559855570567,-0.030434673957014588,0.022571411646394198,-0.02583049101161175,0.9994114853804653,0.000762939453125,11.8096923828125,0.009010080248117447
1738722847.1474686,0.067291259765625,-0.01068115234375,-0.19012451171875,1.2155754790221207,-0.5849410675579841,0.6234397488707336,-0.0060775846663825,0.0434318762907376,-0.0009574876101827,-0.9714688228292813,-0.23663420670597982,0.015892718059608617,0.236083941395365,-0.9712552676900177,-0.030456158648488225,0.022642855074403622,-0.02583519307115099,0.9994097477576732,0.000762939453125,11.8096923828125,0.009010080248117447
1738722847.1576777,0.067291259765625,-0.011749267578125,-0.19012451171875,1.2156514472460322,-0.5855186751784195,0.6234175275753153,-0.006175280372725,0.0431018515200793,-0.0014168560570451,-0.97146255848537,-0.23668542754044858,0.015508251063677921,0.23614792940878618,-0.9712436816615143,-0.03032929719808874,0.022240793533548603,-0.025801535275679306,0.9994196455345552,0.000762939453125,11.8096923828125,0.009010080248117447
1738722847.1663604,0.06622314453125,-0.0128173828125,-0.19012451171875,1.2155885705412772,-0.5850798121262422,0.6234031011469425,-0.006175280372725,0.0431018515200793,-0.0014168560570451,-0.9714698736432067,-0.23665529539615054,0.015509860238336557,0.23611804167616268,-0.9712513397228723,-0.03031675248999882,0.022238592551371537,-0.025789653884584516,0.9994200011776067,0.000762939453125,11.8096923828125,0.009010080248117447
1738722847.178132,0.067291259765625,-0.011749267578125,-0.19012451171875,1.2155278366588116,-0.5846559054165421,0.6233891663676214,-0.006175280372725,0.0431018515200793,-0.0014168560570451,-0.9714763097185428,-0.2366287809548823,0.015511275880728538,0.2360917422939467,-0.9712580774038818,-0.030305713955018784,0.022236656139141067,-0.025779199008524125,0.999420313993181,0.000762939453125,11.8096923828125,0.009010080248117447
1738722847.1879163,0.067291259765625,-0.011749267578125,-0.19012451171875,1.215464904376533,-0.584216654447701,0.623374727187544,-0.006175280372725,0.0431018515200793,-0.0014168560570451,-0.9714829780054992,-0.23660130656300543,0.01551274244759851,0.23606449073914915,-0.9712650580892674,-0.030294275811083855,0.022234649932773107,-0.025768365635611776,0.9994206380072588,0.000762939453125,11.8096923828125,0.009010080248117447
1738722847.1974583,0.06622314453125,-0.0128173828125,-0.191192626953125,1.2153352313578594,-0.5831852629194977,0.6233928061280413,-0.0059890857521791,0.0428988238101028,-0.000937180781417,-0.9715268725478878,-0.23642054875209262,0.015519666397168862,0.23587921868643139,-0.971303921338938,-0.03049076226467351,0.02228295557592597,-0.025961828120561158,0.9994145553129791,0.000762939453125,11.8096923828125,0.009010080248117447
1738722847.207265,0.067291259765625,-0.011749267578125,-0.19012451171875,1.2152791435697905,-0.5827835154345161,0.6233840294300232,-0.0059890857521791,0.0428988238101028,-0.000937180781417,-0.9715377538827409,-0.23637519103992954,0.015529386379236797,0.2358330259773603,-0.9713143031862902,-0.030517343988188138,0.02229745812509827,-0.025986409651364253,0.9994135930007111,0.000762939453125,11.8096923828125,0.009010080248117447
1738722847.2167027,0.067291259765625,-0.01068115234375,-0.19012451171875,1.2152181866550047,-0.582346891205777,0.62337449080403,-0.0059890857521791,0.0428988238101028,-0.000937180781417,-0.9715495772604279,-0.2363258953857315,0.015539951583456628,0.2357828221308443,-0.9713255831337698,-0.0305462327932086,0.02231321834918757,-0.02601312591701635,0.9994125462324991,0.000762939453125,11.8096923828125,0.009010080248117447
1738722847.2263434,0.067291259765625,-0.01068115234375,-0.19012451171875,1.2151596133963485,-0.5819273407089142,0.6233653251759878,-0.0059890857521791,0.0428988238101028,-0.000937180781417,-0.9715609357516813,-0.23627852707137093,0.015550105025387204,0.23573458044414133,-0.9713364188750495,-0.030573991394958748,0.022328360981984145,-0.02603879820532799,0.9994115394990596,0.000762939453125,11.8096923828125,0.009010080248117447
1738722847.2363462,0.06622314453125,-0.01068115234375,-0.19012451171875,1.2152795789114117,-0.5829504506495761,0.6233652676460532,-0.0063721007281612,0.0432628152511194,-0.0013293503714388,-0.9714819851985561,-0.23661885565980198,0.015305867532360545,0.23608592502181291,-0.9712577974387444,-0.030359955879971354,0.02204968120557059,-0.025880650314176475,0.9994218346114156,0.000762939453125,11.8096923828125,0.009010080248117447
1738722847.2462175,0.06622314453125,-0.009613037109375,-0.19012451171875,1.2157105568806514,-0.5859406090852344,0.6234132122850403,-0.0063167438211382,0.043594244724439,-0.0019832375985735,-0.9714785517710394,-0.2366296847503699,0.015356293295729809,0.23609764556074514,-0.9712580538173392,-0.030260447049363193,0.02207544358595486,-0.02577179058379751,0.9994240789577706,0.000762939453125,11.8096923828125,0.009010080248117447
1738722847.2565203,0.067291259765625,-0.01068115234375,-0.191192626953125,1.215647357858721,-0.5855044486667664,0.6233933699928667,-0.0063167438211382,0.043594244724439,-0.0019832375985735,-0.9714840520929294,-0.23660954864387534,0.015318551486484935,0.23607935329190807,-0.9712637233319912,-0.03022116292520279,0.022028969072041417,-0.025742984089238453,0.9994258468199652,0.000762939453125,11.8096923828125,0.009010080248117447
1738722847.2664874,0.067291259765625,-0.011749267578125,-0.189056396484375,1.2155845188911885,-0.5850707731202476,0.623373640745236,-0.0063167438211382,0.043594244724439,-0.0019832375985735,-0.9714895189535352,-0.2365895282406368,0.015281023863002278,0.23606116333217633,-0.97126935903897,-0.030182103278065385,0.021982759828745098,-0.025714340724606592,0.999427601655773,0.000762939453125,11.8096923828125,0.009010080248117447
1738722847.2805982,0.06622314453125,-0.01068115234375,-0.19012451171875,1.215521168267406,-0.5846335664399063,0.6233537508553599,-0.0063167438211382,0.043594244724439,-0.0019832375985735,-0.9714950281821635,-0.2365693458185537,0.015243189834119208,0.23604282334112775,-0.9712750391120801,-0.030142726269808417,0.021936174837163307,-0.02568546314180449,0.9994293677977971,0.000762939453125,11.8096923828125,0.009010080248117447
1738722847.286622,0.068359375,-0.009613037109375,-0.19012451171875,1.2158436629076144,-0.5867693582004182,0.6234633156277075,-0.0064541318328239,0.0435446980996938,-0.0013553697163613,-0.9714735296965337,-0.23664453623951404,0.01544488805214444,0.23610855604435138,-0.9712530749658513,-0.030335031432807746,0.0221795144583765,-0.025823009843226562,0.9994204527129846,0.000762939453125,11.8096923828125,0.009010080248117447
1738722847.2967732,0.068359375,-0.01068115234375,-0.19012451171875,1.215940541943248,-0.5875106317473262,0.6234957767713054,-0.0064066780560626,0.0436574386933111,-0.0013297021985435,-0.9714661890285591,-0.23667586136040217,0.015426607651707249,0.23613932564041137,-0.9712441561598844,-0.03038104691029714,0.022173462977617384,-0.025871331132850884,0.9994193372979104,0.000762939453125,11.8096923828125,0.009010080248117447
1738722847.3067684,0.068359375,-0.011749267578125,-0.19012451171875,1.215876417502585,-0.5870736644434448,0.6234824677820002,-0.0064066780560626,0.0436574386933111,-0.0013297021985435,-0.9714666122079264,-0.23667679867211025,0.015385523571709608,0.23614104699517036,-0.9712433432138624,-0.030393653725477143,0.022136560014577516,-0.025893266172517724,0.9994195872993685,0.000762939453125,11.81976318359375,0.009017763659358025
1738722847.3203306,0.067291259765625,-0.011749267578125,-0.189056396484375,1.2158114473804182,-0.5866309343576559,0.6234689832720047,-0.0064066780560626,0.0436574386933111,-0.0013297021985435,-0.9714670394198333,-0.23667774742527997,0.015343897632598483,0.23614279152582177,-0.9712425192631552,-0.030406426717912105,0.022099170374848202,-0.02591549052313793,0.9994198387162867,0.000762939453125,11.81976318359375,0.009017763659358025
