time,rate_roll,rate_pitch,rate_yaw,pos_x,pos_y,pos_z,vel_x,vel_y,vel_z,R11,R12,R13,R21,R22,R23,R31,R32,R33,current,voltage,energy
1738007719.1631055,-0.001068115234375,0.00640869140625,-0.001068115234375,1.4820875940486269,-0.0445434371081743,0.6740115707061584,0.0022761801568034,0.00168588184732,0.0008543929918443,-0.9945940678806898,-0.1038336005522636,-0.0011061342117909705,0.10374369952430124,-0.9940776201851116,0.0323562954634271,-0.00445925392336301,0.03206662507121788,0.999475785905286,0.000762939453125,11.8798828125,0.009063631296157837
1738007719.1735492,-0.00213623046875,0.005340576171875,-0.001068115234375,1.4820213438130916,-0.0445923196223888,0.673987205465763,0.0023068523104327,0.0017511268581746,0.0009804771522423,-0.994595513161111,-0.10382037482489215,-0.0010464086225480868,0.10373238131667242,-0.9940786922846288,0.03235964480730255,-0.004399802968192488,0.03207621107458315,0.999475741785132,0.000762939453125,11.8896484375,0.00907108187675476
1738007719.1830745,-0.00213623046875,0.00640869140625,-0.001068115234375,1.482044435404719,-0.0445747908425384,0.6739970200420569,0.0023068523104327,0.0017511268581746,0.0009804771522423,-0.9945971186766746,-0.10380517886133735,-0.0010277945430152546,0.1037178213628579,-0.9940804419022644,0.032352566500063684,-0.004380074405667761,0.032071168811948665,0.9994759902465072,0.000762939453125,11.8896484375,0.00907108187675476
1738007719.1953058,-0.00213623046875,0.007476806640625,-0.001068115234375,1.4820675223826418,-0.0445572655649418,0.6740068326573965,0.0023068523104327,0.0017511268581746,0.0009804771522423,-0.9945987232812431,-0.10378998600455615,-0.0010091840740319227,0.10370326415520724,-0.9940821909118418,0.0323454898783103,-0.0043603498571273295,0.03206612725426323,0.9994762382528345,0.000762939453125,11.8896484375,0.00907108187675476
1738007719.2035937,-0.00213623046875,0.005340576171875,-0.001068115234375,1.4820905447687,-0.0445397893188972,0.6740166178193758,0.0023068523104327,0.0017511268581746,0.0009804771522423,-0.9946003228088296,-0.10377483572409366,-0.0009906255646376068,0.10368874751294752,-0.9940839347707311,0.032338433325337305,-0.004340680565090863,0.03206109950046072,0.9994764851616337,0.000762939453125,11.8896484375,0.00907108187675476
1738007719.2324061,-0.001068115234375,0.00640869140625,0.0,1.482458460586774,-0.0440833579721462,0.6739880681121015,0.002141950554793,0.0018342888331033,0.0008104807010973,-0.9945898791413007,-0.10387499908342776,-0.000978199934093013,0.10378877514140956,-0.9940698759301294,0.03244952885487085,-0.004343093867176074,0.03217244680895523,0.9994728966820391,0.000762939453125,11.8798828125,0.009063631296157837
1738007719.242909,-0.001068115234375,0.00640869140625,-0.001068115234375,1.4824798415372118,-0.0440650481010142,0.6739961583304599,0.002141950554793,0.0018342888331033,0.0008104807010973,-0.9945898158397198,-0.1038756353179531,-0.0009749949763253546,0.10378945545417204,-0.994069363584774,0.03246304543151762,-0.004341332104168565,0.03218622017966621,0.9994724608842943,0.000762939453125,11.8896484375,0.00907108187675476
1738007719.2537847,-0.003204345703125,0.005340576171875,-0.001068115234375,1.4825528113113695,-0.0437935618110388,0.6739540576734696,0.0024598081656642,0.002013570207658,0.0011177116340727,-0.9946028442068184,-0.10375307415676223,-0.0006941892598606981,0.1036758745419269,-0.9940802005463268,0.0324941213104941,-0.0040614447766459515,0.03224677479680516,0.999471685532677,0.000762939453125,11.8896484375,0.00907108187675476
1738007719.265781,-0.003204345703125,0.007476806640625,-0.001068115234375,1.4825823142505083,-0.0437694110499682,0.6739674635068087,0.0024598081656642,0.002013570207658,0.0011177116340727,-0.9946052355125596,-0.10373051687403959,-0.0006366789226804268,0.10365502776656621,-0.9940811009562299,0.03253305919156871,-0.004007581529848932,0.03229155602776541,0.9994704571419744,0.000762939453125,11.8798828125,0.009063631296157837
1738007719.273645,-0.001068115234375,0.008544921875,-0.001068115234375,1.482601906622548,-0.0437533729632642,0.673976366079974,0.0024598081656642,0.002013570207658,0.0011177116340727,-0.9946068215634873,-0.10371553553685799,-0.000598487827714145,0.10364118492986146,-0.994081697678689,0.0325589177736267,-0.003971811389206325,0.032321293732743395,0.9994696387013116,0.000762939453125,11.8798828125,0.009063631296157837
1738007719.2833753,0.0,0.007476806640625,-0.00213623046875,1.4826258331765754,-0.0437337869658543,0.6739872380610387,0.0024598081656642,0.002013570207658,0.0011177116340727,-0.9946087563421522,-0.10369723849032587,-0.0005518487091423995,0.1036242810368016,-0.9940824250822488,0.03259049742181431,-0.003928127686731013,0.032357609183556874,0.9994686362967079,0.000762939453125,11.8798828125,0.009063631296157837
1738007719.2935822,-0.001068115234375,0.00640869140625,-0.001068115234375,1.4829419324009456,-0.0435555622929395,0.6739400321822848,0.0030963087992197,0.0020764925766535,0.0008962955992987,-0.9945820180167297,-0.10395239526874443,-0.0007134112839858502,0.10387512994637003,-0.9940646638123113,0.03233266983008489,-0.004070235422446095,0.03208338631764522,0.9994769079403478,0.000762939453125,11.8896484375,0.00907108187675476
1738007719.303434,-0.001068115234375,0.007476806640625,-0.00213623046875,1.4829710222221142,-0.0435360536451819,0.6739484528794402,0.0030963087992197,0.0020764925766535,0.0008962955992987,-0.9945801205600227,-0.10397066845459937,-0.0006956205248451796,0.10389397979747621,-0.994062817153079,0.03232888051767265,-0.004052745816408403,0.03208139109808245,0.9994770430562973,0.000762939453125,11.8798828125,0.009063631296157837
1738007719.3135405,-0.00213623046875,0.007476806640625,-0.001068115234375,1.483004679098762,-0.0435134821708736,0.6739581956126046,0.0030963087992197,0.0020764925766535,0.0008962955992987,-0.9945779243851219,-0.10399181050060523,-0.0006750367315757886,0.10391578891723287,-0.9940606801300282,0.03232449586822588,-0.004032510321359121,0.032079083032905735,0.9994771989856879,0.000762939453125,11.8798828125,0.009063631296157837
1738007719.3245687,-0.001068115234375,0.007476806640625,-0.001068115234375,1.483044172517496,-0.0434869965080584,0.6739696278629737,0.0030963087992197,0.0020764925766535,0.0008962955992987,-0.9945753462423605,-0.10401661885238503,-0.0006508835582185188,0.10394137984830029,-0.9940581719156261,0.032319350287327644,-0.004008765660406318,0.032076375267185216,0.9994773814087035,0.000762939453125,11.8798828125,0.009063631296157837
1738007719.3332152,-0.001068115234375,0.005340576171875,0.0,1.4829093570532492,-0.0435612894400932,0.6738859861194139,0.0025205461059221,0.001852302608724,0.0002281346742322,-0.9945820055177255,-0.10395072098921984,-0.0009390985892360725,0.10386618016981046,-0.9940653100074184,0.03234155309794765,-0.004295453092679281,0.03206878615844798,0.9994764339578259,0.000762939453125,11.8798828125,0.009063631296157837
1738007719.344283,-0.00213623046875,0.00640869140625,-0.001068115234375,1.4829344163226343,-0.0435428738475572,0.6738882542343451,0.0025205461059221,0.001852302608724,0.0002281346742322,-0.9945817661697938,-0.10395286657079258,-0.0009549525059744297,0.10386782446088781,-0.9940652002658585,0.03233964536232515,-0.0043110838933923925,0.03206523276250709,0.9994764806655284,0.000762939453125,11.8798828125,0.009063631296157837
1738007719.3533144,-0.00213623046875,0.007476806640625,-0.001068115234375,1.4829596192631471,-0.0435243526737726,0.6738905353529527,0.0025205461059221,0.001852302608724,0.0002281346742322,-0.9945815251959769,-0.10395502439630379,-0.0009708973211392351,0.10386947820882136,-0.9940650898847159,0.03233772671538638,-0.004326804302426099,0.0320616589598186,0.999476527382846,0.000762939453125,11.8896484375,0.00907108187675476
1738007719.3667595,-0.001068115234375,0.00640869140625,-0.001068115234375,1.482985006203526,-0.0435056962818975,0.6738928331253916,0.0025205461059221,0.001852302608724,0.0002281346742322,-0.9945812822057152,-0.10395719791749843,-0.0009869585490586397,0.10387114406045275,-0.9940649786871598,0.03233579408750257,-0.004342639474809066,0.03205805903105732,0.9994765741794818,0.000762939453125,11.8798828125,0.009063631296157837
1738007719.3733716,-0.001068115234375,0.00640869140625,0.0,1.4832461339291314,-0.0432127971811378,0.6738546115005372,0.0027890978196018,0.001465558566395,0.0005425178421902,-0.9945803955401368,-0.10396678796766587,-0.0008624424106445758,0.10388445324690689,-0.9940615189038111,0.032399336540106516,-0.004225775765050715,0.032134150593010384,0.9994746315864396,0.000762939453125,11.8798828125,0.009063631296157837
1738007719.3840203,-0.00213623046875,0.00640869140625,0.0,1.4832772016897438,-0.0431964723242668,0.6738606546067814,0.0027890978196018,0.001465558566395,0.0005425178421902,-0.9945821730084866,-0.10394995274956012,-0.0008416989254265588,0.10386832644472627,-0.9940634600200714,0.03239148367234151,-0.00420379534333275,0.032128566359051945,0.9994749038012026,0.000762939453125,11.8798828125,0.009063631296157837
1738007719.3930228,-0.001068115234375,0.00640869140625,-0.001068115234375,1.4833019633001865,-0.0431834610953143,0.6738654710801844,0.0027890978196018,0.001465558566395,0.0005425178421902,-0.9945835891627619,-0.1039365348152823,-0.0008251658680854231,0.10385547292508428,-0.9940650069002925,0.03238522502358627,-0.004186276582516947,0.03212411534833047,0.9994751204014345,0.000762939453125,11.8798828125,0.009063631296157837
1738007719.4030876,0.0,0.00640869140625,0.0,1.4833298319655996,-0.0431688172341189,0.6738708919184635,0.0027890978196018,0.001465558566395,0.0005425178421902,-0.9945851824597499,-0.1039214332822455,-0.0008065581626824883,0.10384100640944348,-0.9940667476399364,0.0323781813021171,-0.004166559657548636,0.0321191055467403,0.9994753637981766,0.000762939453125,11.8896484375,0.00907108187675476
1738007719.4133525,-0.00213623046875,0.00640869140625,0.0,1.483266658372859,-0.0432147479461399,0.673877535523404,0.0030941319263782,0.0018950018148059,0.0006514410247696,-0.994581587619607,-0.10395518229439295,-0.0008863645984647775,0.1038720859773381,-0.9940628192602659,0.0323990913305992,-0.004249155537087516,0.032131471153241005,0.9994746186065708,0.000762939453125,11.8896484375,0.00907108187675476
1738007719.4232216,-0.001068115234375,0.007476806640625,-0.001068115234375,1.4832975718449355,-0.0431958149830082,0.6738840440706825,0.0030941319263782,0.0018950018148059,0.0006514410247696,-0.9945813459497317,-0.10395735745251601,-0.0009022861574126593,0.10387375658103842,-0.9940627069551452,0.03239718096921512,-0.00426485434255633,0.032127908000657485,0.9994746662847128,0.000762939453125,11.8896484375,0.00907108187675476
1738007719.4338884,0.0,0.008544921875,-0.001068115234375,1.4833325479122317,-0.0431743938824936,0.6738914079600266,0.0030941319263782,0.0018950018148059,0.0006514410247696,-0.9945810722140872,-0.10395981839727075,-0.0009203001049624239,0.10387564676831858,-0.9940625798784772,0.032395019583410026,-0.004282616249468717,0.03212387654304037,0.999474719917371,0.000762939453125,11.8798828125,0.009063631296157837
1738007719.443258,-0.001068115234375,0.008544921875,-0.001068115234375,1.4833595287426296,-0.0431578694666685,0.6738970885257625,0.0030941319263782,0.0018950018148059,0.0006514410247696,-0.994580860830213,-0.10396171674062803,-0.0009341962179909625,0.10387710490048209,-0.9940624818413331,0.032393352295547594,-0.004296317926611975,0.0321207666127482,0.9994747610642716,0.000762939453125,11.8798828125,0.009063631296157837
1738007719.4533157,-0.00213623046875,0.007476806640625,-0.00213623046875,1.4834222721973898,-0.0429001463758015,0.6738712977185538,0.0029624993388049,0.0020678237696222,0.0004108557586354,-0.9945725330813434,-0.10404150327284409,-0.0009176256790660348,0.10395737894409317,-0.9940540659922241,0.03239409278558751,-0.004282499647906986,0.03212288095818635,0.9994747524153434,0.000762939453125,11.8798828125,0.009063631296157837
1738007719.4638422,-0.00213623046875,0.007476806640625,-0.001068115234375,1.4834525015406428,-0.0428790463020562,0.6738754900907149,0.0029624993388049,0.0020678237696222,0.0004108557586354,-0.9945704382964836,-0.1040613828927309,-0.0009337329344443965,0.10397673253758154,-0.9940520549661154,0.032393689330660974,-0.004299111251020077,0.03212071929604936,0.9994747505736981,0.000762939453125,11.8896484375,0.00907108187675476
1738007719.4752965,-0.001068115234375,0.005340576171875,-0.001068115234375,1.483482780314975,-0.0428642426750786,0.6738773938679823,0.0033748053037493,0.0020868743838048,0.0003705983764719,-0.9945736821261365,-0.10403067369721679,-0.0008998623016574989,0.10394698814227542,-0.9940541022975914,0.032426306627170214,-0.004267842336402632,0.03215681320393576,0.9994737239599443,0.000762939453125,11.8896484375,0.00907108187675476
1738007719.4829578,-0.001068115234375,0.00640869140625,-0.00213623046875,1.4835166296121716,-0.042843311325009,0.6738811109696983,0.0033748053037493,0.0020868743838048,0.0003705983764719,-0.9945736110380068,-0.10403138141768314,-0.0008966086928479272,0.10394774204947024,-0.9940535794962095,0.03243991389615207,-0.004266046136220295,0.03217068185633451,0.999473285325457,0.000762939453125,11.8798828125,0.009063631296157837
1738007719.4945164,-0.001068115234375,0.007476806640625,-0.001068115234375,1.4839033816535094,-0.0426048719974318,0.6738119951914406,0.0035790536238376,0.0020731305524841,0.0004583941070154,-0.9945694787463428,-0.10407108264968401,-0.0008727556075920065,0.10398825273442427,-0.9940498252425677,0.03242511724669679,-0.004242079616112981,0.032158275627638615,0.9994737865843143,0.000762939453125,11.8896484375,0.00907108187675476
1738007719.5035057,-0.001068115234375,0.007476806640625,-0.001068115234375,1.4839392115593375,-0.0425841178874708,0.6738165841748459,0.0035790536238376,0.0020731305524841,0.0004583941070154,-0.9945710943937232,-0.10405565227851948,-0.0008714501498690904,0.10397289508920828,-0.9940516060883071,0.032419770511612114,-0.004239726788408975,0.0321531594427196,0.9994739611688794,0.000762939453125,11.8896484375,0.00907108187675476
1738007719.5135968,-0.00213623046875,0.00640869140625,-0.001068115234375,1.48397496630504,-0.0425634073132515,0.673821163531975,0.0035790536238376,0.0020731305524841,0.0004583941070154,-0.9945726726753876,-0.10404057652413957,-0.000870174615171759,0.1039578903707341,-0.9940533457482511,0.03241454667852383,-0.004237428111798936,0.03214816080637313,0.9994741317111538,0.000762939453125,11.8896484375,0.00907108187675476
1738007719.523274,-0.001068115234375,0.00640869140625,-0.001068115234375,1.4840114511776812,-0.0425422738203995,0.673825836401502,0.0035790536238376,0.0020731305524841,0.0004583941070154,-0.9945742829483467,-0.10402519289852527,-0.0008688729518492896,0.10394257921266735,-0.9940551206711173,0.0324092161915179,-0.004235082573011075,0.03214306005897353,0.9994743057055768,0.000762939453125,11.8798828125,0.009063631296157837
1738007719.5350082,-0.003204345703125,0.00640869140625,-0.00213623046875,1.484046772857895,-0.042521814094977,0.6738303602929441,0.0035790536238376,0.0020731305524841,0.0004583941070154,-0.994575841654474,-0.1040102997086447,-0.0008676127089124784,0.10392775616173283,-0.9940568387549774,0.03240405566666531,-0.004232811888350646,0.032138121895637396,0.9994744741235461,0.000762939453125,11.8896484375,0.00907108187675476
1738007719.54349,-0.00213623046875,0.00640869140625,0.0,1.484048226950088,-0.0425232932549519,0.6738283390743882,0.0033057437019251,0.0018686503746728,0.0003794879391171,-0.9945757173167072,-0.10401141691841399,-0.0008761704063805294,0.10392897556274563,-0.9940596125762008,0.03231492972809734,-0.004232087243355745,0.03204858492160788,0.9994773522407033,0.000762939453125,11.8896484375,0.00907108187675476
1738007719.5533895,-0.001068115234375,0.00640869140625,-0.001068115234375,1.484081132322897,-0.0425046927091224,0.6738321164973342,0.0033057437019251,0.0018686503746728,0.0003794879391171,-0.9945771319044532,-0.1039978850260123,-0.0008766999648416626,0.10391552858390074,-0.9940617465926469,0.03229252050095956,-0.004229847732547152,0.0320262996815541,0.9994780760561318,0.000762939453125,11.8896484375,0.00907108187675476
1738007719.565514,-0.001068115234375,0.007476806640625,-0.001068115234375,1.4841145765319292,-0.0424857875732818,0.6738359557768142,0.0033057437019251,0.0018686503746728,0.0003794879391171,-0.9945785694691298,-0.10398413151263589,-0.0008772378824106787,0.10390186133523105,-0.9940639148537892,0.03226974429140989,-0.004227571857924305,0.032003649465668825,0.9994788112096548,0.000762939453125,11.8896484375,0.00907108187675476
1738007719.5732753,-0.001068115234375,0.007476806640625,-0.001068115234375,1.4841472141394985,-0.0424673383881327,0.6738397024612371,0.0033057437019251,0.0018686503746728,0.0003794879391171,-0.9945799721807296,-0.1039707096731234,-0.0008777625227643446,0.10388852364167477,-0.9940660301403289,0.032247517371104255,-0.0042253511726803965,0.03198154547725249,0.9994795281326946,0.000762939453125,11.8896484375,0.00907108187675476
1738007719.5837855,-0.001068115234375,0.008544921875,-0.001068115234375,1.4840652856822436,-0.0422752197968271,0.6737795204152828,0.0030466633595734,0.0020104861849623,0.0008102070710071,-0.9945656019847372,-0.10410988494480913,-0.0006286537329457231,0.10403546259572057,-0.9940495684578519,0.03228123249278121,-0.003985708372644199,0.03204040114507267,0.9994786274969721,0.000762939453125,11.8896484375,0.00907108187675476
1738007719.5941567,-0.001068115234375,0.00640869140625,0.0,1.4840942046108527,-0.0422561362619594,0.6737872109008008,0.0030466633595734,0.0020104861849623,0.0008102070710071,-0.9945651953560257,-0.1041140387228162,-0.0005823463354574991,0.10404122450491782,-0.9940500071926021,0.03224913648308943,-0.00393646922352787,0.03201328070054002,0.9994796916740433,0.000762939453125,11.8896484375,0.00907108187675476
1738007719.607874,-0.001068115234375,0.005340576171875,-0.001068115234375,1.4841251830838929,-0.0422356936384308,0.6737954490862988,0.0030466633595734,0.0020104861849623,0.0008102070710071,-0.9945647572110443,-0.10411848971523274,-0.0005327411711931237,0.10404739500811969,-0.9940504761807379,0.032214754335125495,-0.0038837231828261222,0.031984228992851305,0.9994808281252683,0.000762939453125,11.8896484375,0.00907108187675476
1738007719.6144512,-0.001068115234375,0.005340576171875,-0.001068115234375,1.4841820271914623,-0.0421816342181749,0.6737993176960428,0.0030380419144604,0.0021253355509959,0.0008752779880969,-0.9945694206249481,-0.10407337101106415,-0.0006332488833976349,0.1039976936328207,-0.9940443464971497,0.032562507828922164,-0.004018367430797149,0.03231981812213754,0.999469500324919,0.000762939453125,11.8896484375,0.00907108187675476
1738007719.6238651,-0.00213623046875,0.00640869140625,-0.001068115234375,1.484116217172516,-0.0422275311729196,0.673781006246612,0.003277019517327,0.0022043646397409,0.0008485691884264,-0.994570248020093,-0.10406428930525892,-0.000803395694591692,0.10398355943857383,-0.9940492671877936,0.03245726066529342,-0.004176256665399995,0.032197485845972415,0.9994728014235621,0.000762939453125,11.8798828125,0.009063631296157837
1738007719.6343193,-0.001068115234375,0.00640869140625,-0.001068115234375,1.4841482434842588,-0.0422059879172954,0.6737892993132905,0.003277019517327,0.0022043646397409,0.0008485691884264,-0.9945718177781573,-0.104049551229535,-0.0007682254775232137,0.10396999739673059,-0.9940509683044896,0.03244860635267127,-0.004139918208827414,0.03219259700364594,0.9994731100811993,0.000762939453125,11.8896484375,0.00907108187675476
1738007719.6432843,-0.001068115234375,0.00640869140625,-0.001068115234375,1.484180941585003,-0.0421839927669201,0.6737977663366526,0.003277019517327,0.0022043646397409,0.0008485691884264,-0.9945734189365532,-0.10403450416133336,-0.0007323173910049915,0.10395615052899618,-0.9940527048525721,0.032439770999156944,-0.004102817574343585,0.03218760505521605,0.9994734238431561,0.000762939453125,11.8896484375,0.00907108187675476
1738007719.6533508,-0.00213623046875,0.008544921875,-0.001068115234375,1.484214193502045,-0.0421616250789206,0.6738063767682075,0.003277019517327,0.0022043646397409,0.0008485691884264,-0.9945750456317489,-0.10401920239839607,-0.0006958009816578114,0.10394206877437466,-0.9940544705524117,0.03243078651015973,-0.004065088622371183,0.03218252797972687,0.9994737414996586,0.000762939453125,11.8798828125,0.009063631296157837
1738007719.6628447,-0.00213623046875,0.007476806640625,-0.001068115234375,1.4845761901384331,-0.0419825728417734,0.6736643088276337,0.0037078433839866,0.0021467126450717,5.70815884099274e-05,-0.9945649891634092,-0.10411381466876206,-0.0008921465723594349,0.10403000788927909,-0.9940429243110044,0.032502647365765275,-0.004270806591785625,0.0322331851101535,0.9994712512067119,0.000762939453125,11.8798828125,0.009063631296157837
1738007719.6732855,-0.001068115234375,0.007476806640625,-0.001068115234375,1.484613190707562,-0.0419611507962882,0.6736648784448045,0.0037078433839866,0.0021467126450717,5.70815884099274e-05,-0.9945645358668221,-0.1041181689270038,-0.0008893229450936107,0.10403448187756352,-0.9940426934403385,0.03249538733950413,-0.004267385204042057,0.032226239575311885,0.9994714897916573,0.000762939453125,11.8896484375,0.00907108187675476
1738007719.6835046,-0.00213623046875,0.008544921875,-0.001068115234375,1.484651882053274,-0.0419387498498369,0.6736654740911796,0.0037078433839866,0.0021467126450717,5.70815884099274e-05,-0.9945642941507712,-0.10412049068609454,-0.0008878173602091173,0.10403686746022263,-0.9940425703082579,0.03249151618524705,-0.00426556085904967,0.03222253612363564,0.9994716169838536,0.000762939453125,11.8896484375,0.00907108187675476
1738007719.6943989,-0.00213623046875,0.008544921875,-0.00213623046875,1.484566418340386,-0.0416572823755251,0.6735244397092394,0.0037608571442227,0.0023808985437185,-0.0002133793574193,-0.9945624223537246,-0.10413673308666921,-0.0010624800832537648,0.10404681492816915,-0.9940366706474245,0.03263981788379008,-0.00445514816754851,0.03235178867109951,0.9994666144622268,0.000762939453125,11.8896484375,0.00907108187675476
1738007719.703723,-0.00213623046875,0.00640869140625,-0.00213623046875,1.4846064865124005,-0.0416319162824403,0.6735221663655654,0.0037608571442227,0.0023808985437185,-0.0002133793574193,-0.9945622993106402,-0.10413754885094832,-0.0010971368414157494,0.10404642396483883,-0.9940360891327522,0.032658768528408696,-0.004491597718123346,0.03236702675531874,0.9994659579640314,0.000762939453125,11.8896484375,0.00907108187675476
1738007719.713036,-0.001068115234375,0.007476806640625,-0.001068115234375,1.4846398528369842,-0.0416107929505604,0.6735202732639064,0.0037608571442227,0.0023808985437185,-0.0002133793574193,-0.9945621992597854,-0.10413820646929352,-0.001125058619717732,0.10404610847607995,-0.9940356204158547,0.0326740364119718,-0.004520963893110454,0.03237930354139588,0.999465427910166,0.000762939453125,11.8896484375,0.00907108187675476
1738007719.72333,-0.00213623046875,0.008544921875,0.0,1.4846779352764266,-0.0415866839719067,0.6735181125845331,0.0037608571442227,0.0023808985437185,-0.0002133793574193,-0.9945620840650572,-0.10413895745688631,-0.0011569269478820658,0.10404574784684965,-0.9940350852198652,0.03269146229407357,-0.004554480778277039,0.03239331554083148,0.999464821698649,0.000762939453125,11.8896484375,0.00907108187675476
1738007719.7334583,-0.00213623046875,0.007476806640625,-0.001068115234375,1.4847406626112662,-0.0415728575759687,0.6734306458638026,0.0040091701441308,0.0021100130489537,0.0001888589275862,-0.9945576257709968,-0.10418386452578372,-0.0009227097218736588,0.10409864477860357,-0.9940327679119441,0.03259338080925679,-0.004312908069482221,0.03231994260193331,0.9994682686980072,0.000762939453125,11.8896484375,0.00907108187675476
1738007719.7446418,-0.001068115234375,0.007476806640625,-0.001068115234375,1.4849696453709074,-0.0411764497940354,0.6732833967349133,0.0040601252593082,0.0020348001281337,-0.0002149704663455,-0.9945467217441706,-0.10428669361959084,-0.0010506197300379837,0.1041972067999457,-0.9940218536863494,0.032611293887903174,-0.004445262985798002,0.03232398378677094,0.9994675581073854,0.000762939453125,11.8896484375,0.00907108187675476
1738007719.7537694,-0.00213623046875,0.007476806640625,-0.00213623046875,1.4850020126894743,-0.0411602283674139,0.6732816829903556,0.0040601252593082,0.0020348001281337,-0.0002149704663455,-0.9945465200811527,-0.10428848825596312,-0.001063302287691734,0.10419859725492452,-0.9940217572868886,0.03260978948708599,-0.004457771256491903,0.0323211580481249,0.9994675937807354,0.000762939453125,11.8896484375,0.00907108187675476
1738007719.7631798,-0.00213623046875,0.00640869140625,-0.00213623046875,1.4850430767963472,-0.041139648398918,0.673279508779059,0.0040601252593082,0.0020348001281337,-0.0002149704663455,-0.9945462640011926,-0.10429076504194833,-0.001079392530707492,0.1042003613385475,-0.9940216349760961,0.03260788089350409,-0.004473640372935118,0.03231757302790451,0.9994676388034781,0.000762939453125,11.8798828125,0.009063631296157837
1738007719.7737727,-0.001068115234375,0.007476806640625,-0.001068115234375,1.4850839825583348,-0.041119147787627,0.6732773429516106,0.0040601252593082,0.0020348001281337,-0.0002149704663455,-0.9945460086506844,-0.10429303299075263,-0.0010954207331549141,0.10420211864950134,-0.99402151312613,0.03260597968769019,-0.004489448289944465,0.032314001795330234,0.9994676833905253,0.000762939453125,11.8798828125,0.009063631296157837
1738007719.7839847,-0.00213623046875,0.00640869140625,0.0,1.4850826337913043,-0.0410903210256473,0.673252411399789,0.0036568893136417,0.0024920197547722,-0.0007523708700263,-0.9945294725818865,-0.10444879492516028,-0.0012559477204874782,0.10435247728299607,-0.9940047863682155,0.03263502967640925,-0.004657107567640592,0.032325437595802704,0.9994665464303162,0.000762939453125,11.8896484375,0.00907108187675476
1738007719.7939851,-0.00213623046875,0.00640869140625,-0.001068115234375,1.4851151069684094,-0.041068191890225,0.6732457303464632,0.0036568893136417,0.0024920197547722,-0.0007523708700263,-0.9945259777110834,-0.10448151996605078,-0.0013006319223223348,0.10438372074016443,-0.9940013664190168,0.03263927697677865,-0.004703031177123352,0.0323248440477482,0.9994663505866697,0.000762939453125,11.8896484375,0.00907108187675476
1738007719.8034272,-0.003204345703125,0.00640869140625,0.0,1.4851517855682252,-0.0410431969320846,0.6732381840666368,0.0036568893136417,0.0024920197547722,-0.0007523708700263,-0.9945220265317029,-0.10451848288514214,-0.0013511027581423283,0.10441901000110318,-0.9939975023368239,0.03264407600997678,-0.0047549020667439065,0.03232417181528208,0.9994661269011531,0.000762939453125,11.8798828125,0.009063631296157837
1738007719.8133821,-0.00213623046875,0.007476806640625,0.0,1.485188438569816,-0.0410182194180825,0.6732306430534065,0.0036568893136417,0.0024920197547722,-0.0007523708700263,-0.9945180741814974,-0.1045554198357626,-0.0014015381881895502,0.10445427424686927,-0.9939936396435604,0.0326488734829784,-0.004806736718955477,0.03232349812621043,0.9994659007444923,0.000762939453125,11.8896484375,0.00907108187675476
1738007719.8234558,-0.001068115234375,0.007476806640625,-0.001068115234375,1.4853434003855268,-0.0409594346181993,0.6731365253101792,0.0038855187554983,0.0020801010742813,-0.0003089539125074,-0.994535412839868,-0.10439426879047832,-0.0010720313123328703,0.10430401458245145,-0.9940105158811806,0.032615438976243735,-0.0044704753010182076,0.032325391897557676,0.9994674001133066,0.000762939453125,11.8896484375,0.00907108187675476
1738007719.8343642,-0.001068115234375,0.00640869140625,0.0,1.4853823060848257,-0.0409386065661425,0.6731334317546532,0.0038855187554983,0.0020801010742813,-0.0003089539125074,-0.994537028559336,-0.10437923921785418,-0.0010359752257693856,0.10429019789264897,-0.9940122566054318,0.03260656899597764,-0.0044332209372589665,0.032320398179467205,0.9994677275498404,0.000762939453125,11.8896484375,0.00907108187675476
1738007719.843085,-0.001068115234375,0.007476806640625,-0.001068115234375,1.485421118531674,-0.0409178284365116,0.6731303456140212,0.0038855187554983,0.0020801010742813,-0.0003089539125074,-0.994538638858296,-0.10436424582698409,-0.0010000054264403249,0.10427641396854247,-0.9940139929046384,0.03259772077368027,-0.004396055931086006,0.03231541586832049,0.9994680528108482,0.000762939453125,11.8896484375,0.00907108187675476
1738007719.8533378,-0.00213623046875,0.008544921875,-0.001068115234375,1.4854599542916354,-0.0408970378262741,0.6731272576196657,0.0038855187554983,0.0020801010742813,-0.0003089539125074,-0.9945402485771446,-0.10434924358776153,-0.0009640138865393065,0.10426262141379472,-0.9940157299941141,0.032588867734122715,-0.004358868664590145,0.032310430002252206,0.9994683768769448,0.000762939453125,11.8896484375,0.00907108187675476
1738007719.863741,-0.001068115234375,0.00640869140625,-0.001068115234375,1.485385185369615,-0.0409032574364317,0.6731065242196631,0.0040057938767759,0.0027843678817253,-0.0010433981430507,-0.9945393994530226,-0.10435611441877708,-0.0010882642309625943,0.104265125275955,-0.9940129114003403,0.0326667356895131,-0.004490722303894758,0.03237488768836432,0.9994657072958307,0.000762939453125,11.8896484375,0.00907108187675476
1738007719.8734522,-0.001068115234375,0.00640869140625,0.0,1.485425067053452,-0.0408755362698013,0.6730961361477509,0.0040057938767759,0.0027843678817253,-0.0010433981430507,-0.9945373177421235,-0.10437560289214357,-0.0011212221920542842,0.10428352995836,-0.9940109333804555,0.03266817563836912,-0.004524267645291973,0.03237279476685714,0.9994656238016677,0.000762939453125,11.8896484375,0.00907108187675476
1738007719.8849182,-0.00213623046875,0.00640869140625,-0.001068115234375,1.4854652331486544,-0.0408476174130512,0.6730856739945705,0.0040057938767759,0.0027843678817253,-0.0010433981430507,-0.9945352197028414,-0.10439523023712134,-0.0011544151590256423,0.10430206580439531,-0.9940089408929262,0.03266962647259018,-0.004558052166940624,0.03237068625564495,0.9994655385913923,0.000762939453125,11.8896484375,0.00907108187675476
1738007719.8939142,-0.00213623046875,0.005340576171875,-0.001068115234375,1.48550841961244,-0.0408175991429183,0.6730744251191904,0.0040057938767759,0.0027843678817253,-0.0010433981430507,-0.9945329622371172,-0.10441633337791853,-0.0011901041030571635,0.10432199539228715,-0.9940067981714953,0.03267118709541918,-0.00459437713257825,0.03236841844705484,0.9994654457188603,0.000762939453125,11.8896484375,0.00907108187675476
1738007719.9033146,-0.001068115234375,0.005340576171875,-0.00213623046875,1.48551571071526,-0.0404810191604475,0.6729126433968438,0.0037547854542069,0.0033874410596836,-0.0012948891321905,-0.9945261851913718,-0.10448111929778861,-0.001167338416398728,0.10438724278102467,-0.9939982157226631,0.03272385497977593,-0.004579357299070358,0.032422875419112,0.9994637495358619,0.000762939453125,11.8896484375,0.00907108187675476
1738007719.9137006,0.001068115234375,0.00640869140625,-0.001068115234375,1.48576784781173,-0.0402982018895882,0.672715634856097,0.0037824314348283,0.0027697337208337,-0.0015826954904543,-0.9945148501460696,-0.10458896302159944,-0.0011668988848216799,0.10449505364059765,-0.9939869605642001,0.03272164410588001,-0.004582205101205478,0.03242022582292969,0.999463822433809,0.000762939453125,11.8896484375,0.00907108187675476
1738007719.9230404,0.0,0.007476806640625,-0.001068115234375,1.4855635225336696,-0.040424294005816,0.6727812343567164,0.0034912251263042,0.0024832472784841,-0.0017035735916847,-0.9945168723711756,-0.10456922949000289,-0.0012111205233795996,0.10447349929612756,-0.9939863964061252,0.032807494637467335,-0.00463449176038495,0.0325010769580413,0.9994609554568354,0.000762939453125,11.8896484375,0.00907108187675476
1738007719.9333937,-0.001068115234375,0.007476806640625,-0.001068115234375,1.4855547192466894,-0.0404333346216809,0.6727863762851914,0.0034772482753925,0.0022693430708574,-0.0016346405697151,-0.9945191944524986,-0.10454722573562458,-0.0012039337762353598,0.10445233037188596,-0.9939928222803671,0.032679962285670314,-0.004613300926190517,0.03237509607854167,0.999465142267838,0.000762939453125,11.8896484375,0.00907108187675476
1738007719.942777,-0.001068115234375,0.00640869140625,-0.001068115234375,1.48558949868394,-0.0404106366522862,0.6727700266102131,0.0034772482753925,0.0022693430708574,-0.0016346405697151,-0.9945170931263726,-0.10456682658601799,-0.0012370356500309618,0.10447084247220421,-0.9939908290294766,0.032681414878211114,-0.004646993933468903,0.032372991567408624,0.9994650543487545,0.000762939453125,11.8896484375,0.00907108187675476
1738007719.9530234,-0.00213623046875,0.00640869140625,-0.001068115234375,1.4856242955074317,-0.0403879273361761,0.672753668762032,0.0034772482753925,0.0022693430708574,-0.0016346405697151,-0.9945149892675613,-0.10458643712668186,-0.0012701540413929207,0.10448936373931031,-0.9939888344199173,0.03268286881362177,-0.0046807037394333405,0.03237088533977611,0.9994649652663282,0.000762939453125,11.8896484375,0.00907108187675476
1738007719.964276,-0.00213623046875,0.00640869140625,-0.001068115234375,1.4856592175118617,-0.0403651363237155,0.6727372520667904,0.0034772482753925,0.0022693430708574,-0.0016346405697151,-0.9945128763495465,-0.10460611810707454,-0.0013033915452834296,0.1045079515484062,-0.9939868322704986,0.032684328599741894,-0.004714534771059461,0.032368770866819975,0.9994648747377086,0.000762939453125,11.8896484375,0.00907108187675476
1738007719.9732137,-0.00213623046875,0.007476806640625,-0.00213623046875,1.48581145449578,-0.040307307331809,0.6727415157775966,0.0035682351533124,0.0020256004597598,-0.0009380324235614,-0.9945446862733411,-0.10430573634687658,-0.0010864486170134033,0.10421503020942445,-0.9940196105717267,0.03262271106578165,-0.004482687130537608,0.032331519666860625,0.9994671472100127,0.000762939453125,11.8896484375,0.00907108187675476
1738007719.985549,-0.001068115234375,0.005340576171875,0.0,1.4858503625318915,-0.0402852201843958,0.67273128747205,0.0035682351533124,0.0020256004597598,-0.0009380324235614,-0.9945483993380346,-0.10427053484112814,-0.001066272994244737,0.10418054122906892,-0.9940235317315608,0.032613389782929464,-0.004460516043177379,0.03232450970796156,0.9994674731419569,0.000762939453125,11.8896484375,0.00907108187675476
1738007719.9946427,-0.00213623046875,0.005340576171875,0.0,1.4858829904741335,-0.0402666980937917,0.672722710103569,0.0035682351533124,0.0020256004597598,-0.0009380324235614,-0.9945515117944147,-0.10424101517343899,-0.0010493536368206225,0.10415161881059808,-0.9940268189898469,0.032605573573519876,-0.004441923747220197,0.03231863061048855,0.9994677460673189,0.000762939453125,11.8798828125,0.009063631296157837
1738007720.003057,-0.00213623046875,0.007476806640625,-0.001068115234375,1.4856434288052058,-0.0404022990475325,0.6727856407117302,0.0039033642513362,0.002387493909011,-0.0010464102147092,-0.994527346957682,-0.10446990130412817,-0.001181471463937287,0.1043758426477983,-0.9940013476034828,0.03266503381327311,-0.004586897085877375,0.032362952336984704,0.9994656570844032,0.000762939453125,11.8896484375,0.00907108187675476
1738007720.0118132,-0.001068115234375,0.007476806640625,0.0,1.4856822789895994,-0.0403785363206561,0.6727752257908631,0.0039033642513362,0.002387493909011,-0.0010464102147092,-0.9945252798500739,-0.10448939954836885,-0.0011971303827902806,0.104394825542301,-0.9939993663814658,0.03266466031105866,-0.004603057584323496,0.03236085621960044,0.9994656506581953,0.000762939453125,11.8896484375,0.00907108187675476
1738007720.02206,-0.001068115234375,0.00640869140625,0.0,1.485721304825384,-0.0403546661565538,0.6727647637815365,0.0039033642513362,0.002387493909011,-0.0010464102147092,-0.9945232027667373,-0.10450898587658872,-0.001212860106594743,0.10441389422993748,-0.9939973758263512,0.03266428542103878,-0.0046192911069358475,0.03235875030613263,0.9994656439459512,0.000762939453125,11.8896484375,0.00907108187675476
1738007720.031884,-0.001068115234375,0.00640869140625,-0.001068115234375,1.48576037750154,-0.0403307673425246,0.6727542892152872,0.0039033642513362,0.002387493909011,-0.0010464102147092,-0.9945211225580272,-0.10452859564034142,-0.0012286087169288522,0.10443298577115272,-0.9939953825050709,0.03266391038317449,-0.004635544072007955,0.03235664154475615,0.999465636967625,0.000762939453125,11.8798828125,0.009063631296157837
1738007720.0434022,-0.001068115234375,0.00640869140625,-0.001068115234375,1.4857968221308155,-0.0399896899808275,0.672599335458731,0.0037193110583232,0.002797207649745,-0.0007176770157059,-0.9945202217174773,-0.10453770418818323,-0.0011819467346780854,0.10444348902631233,-0.9939934886394814,0.032687951026695854,-0.004591970713135264,0.03238538166174656,0.9994649072676802,0.000762939453125,11.8896484375,0.00907108187675476
1738007720.0527506,-0.001068115234375,0.005340576171875,-0.001068115234375,1.4858341305400415,-0.0399616311908929,0.6725921364405864,0.0037193110583232,0.002797207649745,-0.0007176770157059,-0.9945203597304438,-0.10453702382941919,-0.0011246023812679414,0.10444455072543639,-0.9939925391466269,0.0327134214750314,-0.004537610096764056,0.03241670510290557,0.9994641400895187,0.000762939453125,11.8896484375,0.00907108187675476
1738007720.0619206,-0.001068115234375,0.00640869140625,-0.001068115234375,1.4858711971940488,-0.0399337542194555,0.6725849840714478,0.0037193110583232,0.002797207649745,-0.0007176770157059,-0.994520493761245,-0.10453634609965602,-0.0010676296280316875,0.10444560691682464,-0.9939915950167378,0.032738726790420065,-0.004483601751479776,0.03244782550826091,0.9994633739838192,0.000762939453125,11.8896484375,0.00907108187675476
1738007720.0714908,-0.00213623046875,0.00640869140625,-0.001068115234375,1.4859083828660098,-0.0399057877373734,0.6725778087366449,0.0037193110583232,0.002797207649745,-0.0007176770157059,-0.9945206251297509,-0.1045356644113277,-0.0010104739540459152,0.10444666787366566,-0.9939906470644362,0.03276411327216927,-0.004429420009178073,0.03247904577578653,0.9994626015133716,0.000762939453125,11.8896484375,0.00907108187675476
1738007720.0821686,-0.00213623046875,0.00640869140625,0.0,1.4863278517861338,-0.0395618719968109,0.6723265237701085,0.0035758037657196,0.0027961889436693,-0.00167597959538,-0.9945107508422668,-0.10462678408057775,-0.0012659036720326275,0.10452977343119833,-0.9939842097603726,0.032694299403259325,-0.00467898766540868,0.03238250762377401,0.9994645968089231,0.000762939453125,11.8798828125,0.009063631296157837
1738007720.0968425,-0.001068115234375,0.007476806640625,-0.001068115234375,1.4863645323811625,-0.0395331886906267,0.672309331571419,0.0035758037657196,0.0027961889436693,-0.00167597959538,-0.9945104284728702,-0.10462961211697637,-0.0012852731068331595,0.10453198350844102,-0.9939840525790549,0.032692011903673206,-0.004698093496205798,0.03237819461875488,0.999464646913902,0.000762939453125,11.8896484375,0.00907108187675476
1738007720.1023717,-0.00213623046875,0.007476806640625,-0.001068115234375,1.4862380796459411,-0.039645470142832,0.6723845050367797,0.0036246613703205,0.002375867046334,-0.001409611870064,-0.9945145712602256,-0.1045904594521158,-0.0012662316869835911,0.10449349197027934,-0.9939882673744883,0.03268691569603916,-0.004677358971360807,0.03237530097864919,0.9994648379005611,0.000762939453125,11.8896484375,0.00907108187675476
1738007720.1161819,0.0,0.007476806640625,-0.001068115234375,1.4862739202975712,-0.0396219775694779,0.6723705667946086,0.0036246613703205,0.002375867046334,-0.001409611870064,-0.9945143103866114,-0.10459274871005124,-0.0012819335079938352,0.10449528039280176,-0.9939881404136616,0.03268505916501907,-0.0046928468835647505,0.03237180307408179,0.9994648785994735,0.000762939453125,11.8896484375,0.00907108187675476
