time,rate_roll,rate_pitch,rate_yaw,pos_x,pos_y,pos_z,vel_x,vel_y,vel_z,R11,R12,R13,R21,R22,R23,R31,R32,R33,current,voltage,energy
1738004796.2852108,-0.003204345703125,0.011749267578125,-0.001068115234375,1.4969936383618572,-0.3299954428903592,0.5957990420259949,-0.0020850106127599,-0.0005555043665668,-0.0011483779510689,-0.9993574717247244,-0.0357406819095514,-0.002692092978837374,0.03569544388849465,-0.9992454881621452,0.015306523877067744,-0.003237127363847468,0.01520059354881185,0.9998792241876986,0.000762939453125,12.249755859375,0.009345822036266327
1738004796.2956054,-0.00213623046875,0.0128173828125,0.0,1.4969727840857083,-0.3300009990450336,0.5957875559497283,-0.0020850106127599,-0.0005555043665668,-0.0011483779510689,-0.9993576005720722,-0.03573719416483511,-0.002690563520050181,0.0356919947966886,-0.9992456824253697,0.015301884252939197,-0.0032353803893364684,0.015196022752091101,0.9998792993187999,0.000762939453125,12.249755859375,0.009345822036266327
1738004796.3058038,-0.00213623046875,0.01068115234375,-0.001068115234375,1.497021535207216,-0.3299925466422029,0.5958178350745713,-0.002234144455758,-0.0007135817072513,-0.0011566783843451,-0.9993573274887633,-0.03574506299160408,-0.0026874646496396234,0.03569987674897058,-0.9992452440986792,0.01531211762883236,-0.0032327688790131813,0.015206334794984136,0.9998791509914974,0.000762939453125,12.249755859375,0.009345822036266327
1738004796.3171496,-0.003204345703125,0.009613037109375,-0.001068115234375,1.4969946115323798,-0.330001146015357,0.5958038959433616,-0.002234144455758,-0.0007135817072513,-0.0011566783843451,-0.9993574827387455,-0.03574086077786421,-0.0026856218898963914,0.03569572109095801,-0.999245478203834,0.01530652752872308,-0.0032306639990408417,0.015200827610638491,0.9998792415337349,0.000762939453125,12.249755859375,0.009345822036266327
1738004796.3265476,-0.003204345703125,0.01068115234375,-0.001068115234375,1.4969724577559564,-0.3300082218915661,0.5957924263205023,-0.002234144455758,-0.0007135817072513,-0.0011566783843451,-0.9993576104680372,-0.03573740305108872,-0.002684105582687858,0.035692301655487514,-0.9992456707978428,0.015301927796941967,-0.0032289320446031366,0.015196296092573888,0.9998793160091463,0.000762939453125,12.249755859375,0.009345822036266327
1738004796.3335063,-0.00213623046875,0.011749267578125,-0.001068115234375,1.4969543343761311,-0.3300140104663753,0.5957830433454486,-0.002234144455758,-0.0007135817072513,-0.0011566783843451,-0.9993577149490096,-0.03573457438710613,-0.0026828651226739678,0.03568950430550675,-0.9992458283292631,0.01529816488969059,-0.0032275151930389024,0.015192588980727588,0.9998793769179067,0.000762939453125,12.249755859375,0.009345822036266327
1738004796.3452904,-0.00213623046875,0.011749267578125,-0.001068115234375,1.4973070607487238,-0.330116547974244,0.5957617485619483,-0.0017359760916829,-0.0009858549145993,-0.001670742832677,-0.9993558692291213,-0.035777280907432873,-0.0027987154514199633,0.035730354778017136,-0.9992439495516056,0.01532550266534266,-0.0033449042952535648,0.015215631941494775,0.9998786407159003,0.000762939453125,12.249755859375,0.009345822036266327
1738004796.3538394,-0.001068115234375,0.011749267578125,0.0,1.497289720083544,-0.330126395678986,0.5957450595117927,-0.0017359760916829,-0.0009858549145993,-0.001670742832677,-0.9993559498925465,-0.03577378252716625,-0.0028145866597148097,0.035726628784460375,-0.9992441442954656,0.015321491014917019,-0.0033605669258917306,0.015211067514209187,0.9998786576455239,0.000762939453125,12.249755859375,0.009345822036266327
1738004796.3644319,-0.00213623046875,0.011749267578125,0.001068115234375,1.497272358586651,-0.3301362552139869,0.5957283504127231,-0.0017359760916829,-0.0009858549145993,-0.001670742832677,-0.9993560303907439,-0.035770279871170874,-0.0028304769196607917,0.035722898377275054,-0.9992443392418636,0.015317474485648002,-0.0033762483885969407,0.015206497658228423,0.9998786743279351,0.000762939453125,12.249755859375,0.009345822036266327
1738004796.374967,-0.00213623046875,0.011749267578125,0.0,1.4972538617613942,-0.3301467594981019,0.5957105486478409,-0.0017359760916829,-0.0009858549145993,-0.001670742832677,-0.9993561158644203,-0.03576654808396006,-0.002847406282428134,0.035718924094647005,-0.9992445469018999,0.015313195236060997,-0.0033929553342601677,0.015201629023714788,0.9998786918067236,0.000762939453125,12.249755859375,0.009345822036266327
1738004796.3853006,-0.003204345703125,0.0128173828125,0.0,1.4972238628192591,-0.3301292917848402,0.5956820100811202,-0.0024726160174093,-0.0009500576163324,-0.0023099284132497,-0.9993536598680521,-0.03582411091940653,-0.0029825467579926534,0.03577411581349941,-0.9992412202551654,0.015401181147248555,-0.003532017283633571,0.015284528772654083,0.9998769464459645,0.000762939453125,12.249755859375,0.009345822036266327
1738004796.392988,-0.003204345703125,0.011749267578125,-0.001068115234375,1.4971993146874385,-0.3301387239568552,0.5956590771118334,-0.0024726160174093,-0.0009500576163324,-0.0023099284132497,-0.999353659889961,-0.03581993043240206,-0.0030323338137443166,0.03576912272738147,-0.9992411745984747,0.015415733728046901,-0.0035822233115236175,0.015297306000678575,0.9998765724354521,0.000762939453125,12.249755859375,0.009345822036266327
1738004796.4036484,-0.001068115234375,0.011749267578125,-0.001068115234375,1.497174536602328,-0.3301482444842284,0.5956359293192043,-0.0024726160174093,-0.0009500576163324,-0.0023099284132497,-0.9993536573557636,-0.03581571142934684,-0.0030825873010759948,0.03576408212703364,-0.9992411283043575,0.01543042237416852,-0.0036328995678100184,0.015310203128770081,0.9998761921962569,0.000762939453125,12.249755859375,0.009345822036266327
1738004796.4144654,-0.00213623046875,0.009613037109375,-0.001068115234375,1.4971486310043136,-0.3301581982378748,0.5956117281992186,-0.0024726160174093,-0.0009500576163324,-0.0023099284132497,-0.9993536519600625,-0.035811301135230275,-0.0031351276031480017,0.03575881136013778,-0.9992410796783339,0.015445779144732222,-0.0036858817393192215,0.015323687359105788,0.9998757917269144,0.000762939453125,12.249755859375,0.009345822036266327
1738004796.4240925,-0.003204345703125,0.009613037109375,-0.001068115234375,1.4972213110643935,-0.3301372100309233,0.5955356278091147,-0.0025241691817168,-0.001110016271783,-0.001959599639813,-0.9993559020311077,-0.035760785316142636,-0.002991205302906273,0.03571078101831061,-0.9992439904090807,0.015368401035867582,-0.0035385300131049115,0.015251684002422359,0.9998774249578979,0.000762939453125,12.249755859375,0.009345822036266327
1738004796.4344358,-0.00213623046875,0.01068115234375,-0.001068115234375,1.4971984168499155,-0.3301472778785084,0.5955178542403816,-0.0025241691817168,-0.001110016271783,-0.001959599639813,-0.9993559252595928,-0.035757594919057785,-0.003021432466171509,0.03570714097949946,-0.9992441679084473,0.015365317569927572,-0.0035685755720192697,0.015247534441972825,0.999877381463261,0.000762939453125,12.249755859375,0.009345822036266327
1738004796.4460194,-0.003204345703125,0.011749267578125,-0.001068115234375,1.4971730792396696,-0.3301584202218445,0.5954981837791972,-0.0025241691817168,-0.001110016271783,-0.001959599639813,-0.999355949894728,-0.035754063878624516,-0.0030548856229200396,0.035703112563375,-0.9992443643230643,0.01536190489106129,-0.0036018277711267633,0.015242942129335673,0.9998773322522863,0.000762939453125,12.249755859375,0.009345822036266327
1738004796.4555535,-0.001068115234375,0.011749267578125,0.0,1.4971476431868254,-0.3301696058558153,0.5954784368936268,-0.0025241691817168,-0.001110016271783,-0.001959599639813,-0.999355973492252,-0.03575051896421373,-0.0030884687375298454,0.035699068609550105,-0.9992445614707294,0.015358478817254741,-0.003635209177466809,0.015238332092418214,0.9998772817147498,0.000762939453125,12.249755859375,0.009345822036266327
1738004796.4654114,0.0,0.011749267578125,0.0,1.4972446991902668,-0.3301320893771838,0.5955683412130411,-0.0019917278344715,-0.0008986259062219,-0.0015939819993861,-0.9993624896856047,-0.03560806072909499,-0.0025846122538548573,0.035564350990543225,-0.9992495712480538,0.01534507410219924,-0.0031290810170305056,0.015243371401813376,0.9998789169095902,0.000762939453125,12.249755859375,0.009345822036266327
1738004796.4774275,-0.001068115234375,0.0128173828125,0.0,1.4972200117237584,-0.3301432278452914,0.5955485838061588,-0.0019917278344715,-0.0008986259062219,-0.0015939819993861,-0.999364299793078,-0.035560473576036214,-0.002539491708805142,0.03551748534169049,-0.9992513789940628,0.015335899499756245,-0.003082942440893356,0.015235954105728084,0.9998791732846496,0.000762939453125,12.249755859375,0.009345822036266327
1738004796.4864192,-0.00213623046875,0.011749267578125,0.0,1.4972048128486537,-0.3301500852595818,0.5955364201295215,-0.0019917278344715,-0.0008986259062219,-0.0015939819993861,-0.9993654120427012,-0.035531176602162574,-0.002511712958894914,0.03548863218597471,-0.9992524907916088,0.01533025219408315,-0.003054537328392964,0.015231386543303463,0.9998793300522207,0.000762939453125,12.249755859375,0.009345822036266327
1738004796.4951062,-0.00213623046875,0.01068115234375,-0.001068115234375,1.497184967272511,-0.3301590391681114,0.5955205376928796,-0.0019917278344715,-0.0008986259062219,-0.0015939819993861,-0.9993668618750603,-0.03549292290862794,-0.0024754412528725164,0.03545095756516437,-0.9992539411829212,0.015322879563313942,-0.003017448211178543,0.015225421301267906,0.9998795335201595,0.000762939453125,12.23968505859375,0.00933813862502575
1738004796.5049167,-0.003204345703125,0.011749267578125,-0.001068115234375,1.4970974172601847,-0.329988098312151,0.595383831753486,-0.0019098632546329,-0.0001624025587309,-0.0017430552801967,-0.9993601500411368,-0.03565547247641685,-0.0028244985820810218,0.03560814703551492,-0.9992482179080376,0.015331629799467403,-0.0033690316789617633,0.015221244695958563,0.9998784742834761,0.000762939453125,12.249755859375,0.009345822036266327
1738004796.5168843,-0.003204345703125,0.0128173828125,-0.001068115234375,1.4970783052585956,-0.3299897234745562,0.5953663889992971,-0.0019098632546329,-0.0001624025587309,-0.0017430552801967,-0.9993602820667515,-0.035651895383955044,-0.002822938716025104,0.0356046097012738,-0.9992484150805856,0.015326993408936165,-0.0033672534034236696,0.015216678825195,0.9998785497699448,0.000762939453125,12.249755859375,0.009345822036266327
1738004796.525285,-0.003204345703125,0.011749267578125,0.0,1.4970588533013471,-0.3299913775446169,0.5953486359812683,-0.0019098632546329,-0.0001624025587309,-0.0017430552801967,-0.9993604164249167,-0.0356482546706366,-0.0028213510867249286,0.035601009437596656,-0.9992486157255983,0.015322274553718457,-0.003365443513310168,0.015212031731915713,0.9998786265745188,0.000762939453125,12.249755859375,0.009345822036266327
1738004796.5346928,-0.003204345703125,0.01068115234375,-0.001068115234375,1.497039387975056,-0.3299930327514955,0.5953308707618525,-0.0019098632546329,-0.0001624025587309,-0.0017430552801967,-0.9993605508594062,-0.03564461146202775,-0.002819762349051849,0.03559740669049336,-0.9992488164734175,0.01531755246068993,-0.0033636323960368835,0.015207381437823204,0.9998787034070228,0.000762939453125,12.249755859375,0.009345822036266327
1738004796.5436604,-0.00213623046875,0.011749267578125,-0.001068115234375,1.496734209758957,-0.3299386952840675,0.5952160254801695,-0.0019174558024813,-0.0003065981393917,-0.0017814222162952,-0.9993615468842337,-0.035613069541730394,-0.0028649410059526847,0.03556529482504351,-0.9992504700964095,0.015284234233764685,-0.003407112143655858,0.015172583495262971,0.9998790848382217,0.000762939453125,12.249755859375,0.009345822036266327
1738004796.554093,-0.001068115234375,0.011749267578125,0.0,1.4967150428707556,-0.3299417600390688,0.5951982183836954,-0.0019174558024813,-0.0003065981393917,-0.0017814222162952,-0.9993616786833227,-0.03560949619137891,-0.0028633826582262897,0.035561761289500324,-0.9992506666828166,0.01527960300319832,-0.0034053359951488073,0.015168022776318674,0.9998791600847661,0.000762939453125,12.249755859375,0.009345822036266327
1738004796.5636556,-0.00213623046875,0.011749267578125,0.0,1.4966958587254515,-0.3299448275534534,0.5951803952544213,-0.0019174558024813,-0.0003065981393917,-0.0017814222162952,-0.9993618105856434,-0.035605919630391454,-0.002861822890833939,0.035558224563813925,-0.9992508634124077,0.015274967608050421,-0.0034035582636082824,0.015163457944404189,0.9998792353751099,0.000762939453125,12.249755859375,0.009345822036266327
1738004796.5736654,-0.00213623046875,0.011749267578125,0.0,1.496676664992869,-0.3299478966008288,0.5951625632180362,-0.0019174558024813,-0.0003065981393917,-0.0017814222162952,-0.999361942538429,-0.03560234128869224,-0.0028602623273359697,0.03555468606195014,-0.9992510602064596,0.015270329901563476,-0.0034017796598054483,0.01515889082452588,0.999879310679102,0.0885009765625,12.249755859375,1.084115356206894
1738004796.5845375,-0.00213623046875,0.011749267578125,0.0,1.4967005097588078,-0.3298948454805568,0.5952196912515155,-0.0023642466706639,0.0003113131963286,-0.0017068557799096,-0.9993464200726994,-0.03604051103844359,-0.0027953983558096206,0.03599306470454503,-0.9992320295325131,0.01548710591134566,-0.003351414783978896,0.015376368895894391,0.9998761599810865,0.000762939453125,12.249755859375,0.009345822036266327
1738004796.5951118,-0.00213623046875,0.011749267578125,0.0,1.496676789271961,-0.3298917220752581,0.5952025663674757,-0.0023642466706639,0.0003113131963286,-0.0017068557799096,-0.9993444124741119,-0.036097010267495275,-0.0027840809112804786,0.03604965159985136,-0.9992296188207532,0.015511011922555133,-0.0033418372643726417,0.015400477949747344,0.9998758209910958,0.000762939453125,12.249755859375,0.009345822036266327
1738004796.6033688,-0.00213623046875,0.01068115234375,-0.00213623046875,1.4966532390108744,-0.3298886210845095,0.5951855643770521,-0.0023642466706639,0.0003113131963286,-0.0017068557799096,-0.999342416009562,-0.03615310365577474,-0.002772843346858998,0.03610583252190045,-0.9992272216732727,0.01553474573376471,-0.003332329826396036,0.015424414516183505,0.9998754837552329,0.000762939453125,12.249755859375,0.009345822036266327
1738004796.6134872,-0.003204345703125,0.0128173828125,-0.001068115234375,1.496629589451428,-0.3298855070186066,0.5951684906986856,-0.0023642466706639,0.0003113131963286,-0.0017068557799096,-0.9993404078450413,-0.03620943317310475,-0.0027615570588195556,0.036162250440062625,-0.9992248106724855,0.015558578972571652,-0.0033227836548360423,0.015448452537973481,0.9998751444170243,0.000762939453125,12.249755859375,0.009345822036266327
1738004796.625434,-0.003204345703125,0.0128173828125,0.0,1.4966533272075155,-0.3299050108465733,0.5950865288429323,-0.002642440171704,-0.0002371368403576,-0.0017856696403238,-0.9993650704256745,-0.035522758478498555,-0.0027549307005868746,0.035476783377739976,-0.9992541735605472,0.015247769115405397,-0.003294518820053972,0.015140351776166131,0.9998799507410069,0.000762939453125,12.249755859375,0.009345822036266327
1738004796.6354027,-0.001068115234375,0.011749267578125,0.0,1.4966233509445972,-0.3298891167954132,0.5950514921353438,-0.0028083352624676,0.000221264554376,-0.0022741774295599,-0.9993597883724387,-0.03565605246038274,-0.002942670069332883,0.03560719101811953,-0.9992494046457977,0.015256318783311417,-0.0034844414177399655,0.01514177129537052,0.9998792854290186,0.000762939453125,12.249755859375,0.009345822036266327
1738004796.643715,-0.00213623046875,0.01068115234375,0.0,1.496594267824619,-0.3298868253796881,0.5950279407538832,-0.0028083352624676,0.000221264554376,-0.0022741774295599,-0.9993585312965383,-0.03568841031535689,-0.0029771284803766546,0.03563903034518523,-0.9992482990195347,0.015254390273670655,-0.003519295509176332,0.015138503087466048,0.9998792128469268,0.000762939453125,12.249755859375,0.009345822036266327
1738004796.6534348,-0.003204345703125,0.01068115234375,0.0,1.4965672010893594,-0.329884692831913,0.5950060222318172,-0.0028083352624676,0.000221264554376,-0.0022741774295599,-0.9993573593704775,-0.03571852460809343,-0.00300919788103483,0.035668662222109675,-0.9992472691164068,0.015252596457268699,-0.0035517330067512025,0.015135460456301427,0.9998791442116515,0.000762939453125,12.249755859375,0.009345822036266327
1738004796.6646624,-0.003204345703125,0.01068115234375,0.0,1.4965378736442134,-0.3298823821661716,0.5949822729969203,-0.0028083352624676,0.000221264554376,-0.0022741774295599,-0.9993560873785509,-0.03575115400733889,-0.0030439458894330577,0.03570076908835278,-0.999246152177972,0.01525065388819107,-0.003586879693323278,0.015132162590351023,0.9998790686625083,0.000762939453125,12.249755859375,0.009345822036266327
1738004796.6737545,-0.00213623046875,0.011749267578125,-0.001068115234375,1.496696503872175,-0.3299474336339763,0.595140017834128,-0.0024735908793556,-0.0001671831424997,-0.0010599911643773,-0.9993654276676667,-0.03552977555099017,-0.002525278582222792,0.03548729935328064,-0.9992539081896243,0.015240687398293536,-0.0030648926950578516,0.01514140076274707,0.9998806650874441,0.000762939453125,12.249755859375,0.009345822036266327
1738004796.6838446,-0.00213623046875,0.011749267578125,-0.001068115234375,1.4966717432274723,-0.3299491071372327,0.5951294073225726,-0.0024735908793556,-0.0001671831424997,-0.0010599911643773,-0.9993657123460686,-0.035526165872842325,-0.002462625714630169,0.03548465923413354,-0.9992541056869867,0.015233884164518265,-0.0030019903518308877,0.015136836065566423,0.9998809250345022,0.000762939453125,12.249755859375,0.009345822036266327
1738004796.6953893,-0.00213623046875,0.01068115234375,0.0,1.4966468613768171,-0.3299507888324631,0.5951187448714501,-0.0024735908793556,-0.0001671831424997,-0.0010599911643773,-0.9993659944378785,-0.03552253881273434,-0.0023996661201396803,0.0354820057598506,-0.9992543041101815,0.015227047794469454,-0.002938780095259357,0.015132248794376555,0.9998811822501597,0.000762939453125,12.249755859375,0.009345822036266327
1738004796.7029982,-0.00213623046875,0.011749267578125,0.0,1.49662214278316,-0.3299524594936062,0.5951081523797445,-0.0024735908793556,-0.0001671831424997,-0.0010599911643773,-0.999366270728143,-0.03551893583649135,-0.0023371195876727936,0.03547936926750732,-0.9992545011908287,0.015220256444881612,-0.002875984579883986,0.015127691393973955,0.999881433803921,0.000762939453125,12.249755859375,0.009345822036266327
1738004796.713313,-0.00213623046875,0.0128173828125,0.0,1.4964815847194572,-0.3300407403699971,0.5951570890587574,-0.0027097642408751,-0.0001493919576457,-0.0014577604576473,-0.9993683433672066,-0.03542929890751496,-0.0027711106811112197,0.03538203860503052,-0.9992526470065223,0.015564664937312605,-0.0033204848497077988,0.015456785868369856,0.9998750232658992,0.000762939453125,12.249755859375,0.009345822036266327
1738004796.724471,-0.00213623046875,0.011749267578125,0.0,1.49645430281308,-0.3300422444482267,0.5951424123264698,-0.0027097642408751,-0.0001493919576457,-0.0014577604576473,-0.9993685205671385,-0.035423858882081834,-0.0027767465406968086,0.03537638074351733,-0.9992522316062533,0.0156041441743086,-0.003327429178602597,0.015496059235343182,0.99987439229297,0.000762939453125,12.249755859375,0.009345822036266327
1738004796.7343605,-0.00213623046875,0.011749267578125,0.001068115234375,1.4964273650467614,-0.3300437295536776,0.5951279207297604,-0.0027097642408751,-0.0001493919576457,-0.0014577604576473,-0.9993686954633146,-0.035418487694476794,-0.0027823115190595844,0.035370793981445894,-0.999251819894369,0.015643125356330143,-0.003334285691869693,0.015534837212791893,0.9998737677185542,0.000762939453125,12.249755859375,0.009345822036266327
1738004796.745379,-0.003204345703125,0.011749267578125,0.001068115234375,1.496577740592545,-0.3300279814640476,0.5951985855393671,-0.0023738805539863,6.519074227046725e-05,-0.0015106787677589,-0.9993651054491024,-0.035513491053044105,-0.002859713959436443,0.035465486119489804,-0.9992525718236823,0.015378458897587793,-0.0034037192911160422,0.015267274052098406,0.9998776550348574,0.000762939453125,12.249755859375,0.009345822036266327
1738004796.755094,-0.00213623046875,0.0128173828125,0.0,1.496554101489988,-0.3300273322946361,0.5951835422001978,-0.0023738805539863,6.519074227046725e-05,-0.0015106787677589,-0.9993645758406281,-0.03552580766837115,-0.002891633516075785,0.03547720377686905,-0.9992516616074184,0.015410541424227132,-0.00343694152640099,0.015298162122399333,0.9998770692783292,0.000762939453125,12.249755859375,0.009345822036266327
1738004796.7633295,-0.003204345703125,0.0128173828125,0.0,1.4965303721799703,-0.3300266806479763,0.5951684414552353,-0.0023738805539863,6.519074227046725e-05,-0.0015106787677589,-0.9993640429989473,-0.03553817227075749,-0.0029236744777994157,0.0354889650718761,-0.9992507467754336,0.015442746739673231,-0.0034702908992375273,0.015329167635344493,0.9998764792216498,0.000762939453125,12.249755859375,0.009345822036266327
1738004796.7742705,-0.00213623046875,0.0128173828125,-0.00213623046875,1.4965065123065222,-0.3300260254158258,0.5951532576229406,-0.0023738805539863,6.519074227046725e-05,-0.0015106787677589,-0.999363506000909,-0.035550605902212117,-0.002955891330359607,0.035500789991615704,-0.9992498257559117,0.015475129619849136,-0.0035038241312161543,0.015360343315353815,0.9998758838324345,0.000762939453125,12.23968505859375,0.00933813862502575
1738004796.794114,-0.00213623046875,0.013885498046875,-0.00213623046875,1.4965557529974611,-0.3300465112497699,0.5951671650173235,-0.0025213071658917,-0.0004389693188125,-0.0015288198293898,-0.9993694218678086,-0.035402374562995435,-0.002725896348596612,0.035356552194779144,-0.9992570277737459,0.01533970865685148,-0.003266933194875037,0.015233657475491567,0.9998786240476488,0.000762939453125,12.249755859375,0.009345822036266327
1738004796.797299,-0.001068115234375,0.011749267578125,0.0,1.496530474371816,-0.3300509123561603,0.5951518370697141,-0.0025213071658917,-0.0004389693188125,-0.0015288198293898,-0.9993702486301528,-0.035380536995738336,-0.002706243669755435,0.03533497929801764,-0.9992576150436784,0.0153511568042538,-0.003247366766407149,0.015245864328181381,0.9998785017340713,0.000762939453125,12.249755859375,0.009345822036266327
1738004796.8042517,-0.00213623046875,0.01068115234375,0.0,1.496505261300157,-0.3300553020493484,0.5951365488714201,-0.0025213071658917,-0.0004389693188125,-0.0015288198293898,-0.9993710723958905,-0.03535875580330621,-0.002686642203553585,0.03531346255189356,-0.9992582001819882,0.015362575684103302,-0.003227850814979944,0.01525803909733982,0.9998783792152025,0.000762939453125,12.249755859375,0.009345822036266327
1738004796.8151698,-0.00213623046875,0.011749267578125,0.0,1.4964800028449692,-0.3300596996439843,0.5951212331543693,-0.0025213071658917,-0.0004389693188125,-0.0015288198293898,-0.999371896790614,-0.03533693514878148,-0.0026670057032614648,0.035291907282498154,-0.999258785764014,0.015374015538955394,-0.003208299470743177,0.01527023535245283,0.999878255952587,0.000762939453125,12.23968505859375,0.00933813862502575
1738004796.8251696,-0.003204345703125,0.011749267578125,-0.001068115234375,1.49621462715484,-0.3301138507885363,0.5952092218348092,-0.0027575542398154,-0.0007500335817775,-0.00097451554726,-0.9993785512071415,-0.03516712338425324,-0.0024051652732384092,0.035126135318906376,-0.9992647356071014,0.015366938199512712,-0.0029438078525544182,0.015272904273466587,0.9998790288781843,0.000762939453125,12.23968505859375,0.00933813862502575
1738004796.8334808,-0.00213623046875,0.009613037109375,-0.00213623046875,1.4964348114414974,-0.3301342837885218,0.5952728637938036,-0.0025455478178732,-5.973394185518929e-05,-0.0015503775242935,-0.9993653453754362,-0.03551609669409182,-0.0027410469261184077,0.035469959912070234,-0.9992526773569942,0.015361273993884176,-0.0032845709721962056,0.015254300065718242,0.9998782515501744,0.000762939453125,12.23968505859375,0.00933813862502575
1738004796.8440175,-0.00213623046875,0.009613037109375,-0.001068115234375,1.4964095112417355,-0.33013487748417,0.5952574545915896,-0.0025455478178732,-5.973394185518929e-05,-0.0015503775242935,-0.9993642268445007,-0.03554638830943643,-0.002756153415195455,0.03549996867820777,-0.9992513833882122,0.01537611851509846,-0.0033006555923938093,0.01526849943179901,0.9998779818546668,0.000762939453125,12.23968505859375,0.00933813862502575
1738004796.8539853,-0.00213623046875,0.011749267578125,-0.001068115234375,1.496384137221087,-0.3301354729121024,0.5952420004284275,-0.0025455478178732,-5.973394185518929e-05,-0.0015503775242935,-0.9993631038918611,-0.03557676849256551,-0.0027713035293097698,0.03553006473156295,-0.9992500845182817,0.015391006801966724,-0.00331678757174967,0.015282739735847027,0.9998777109158751,0.000762939453125,12.249755859375,0.009345822036266327
1738004796.8692071,-0.00213623046875,0.0128173828125,-0.001068115234375,1.4963551739780152,-0.3301361525648928,0.595224360232956,-0.0025455478178732,-5.973394185518929e-05,-0.0015503775242935,-0.9993618206771797,-0.035611446256932765,-0.002788596113130124,0.03556441761801404,-0.9992486005420572,0.01540800163005468,-0.003335201985497721,0.015298993765273066,0.9998774010934971,0.000762939453125,12.249755859375,0.009345822036266327
1738004796.8759575,-0.00213623046875,0.01068115234375,0.0,1.4963344647115282,-0.3301364937679527,0.5952493224161526,-0.0025249840524271,-5.734216290651054e-05,-0.0010422811171942,-0.999365551221686,-0.03551974971674637,-0.0026158003431686633,0.03547641576396891,-0.999256756583381,0.015078406646721224,-0.003149437397003276,0.014976040949515504,0.999882892763728,0.000762939453125,12.249755859375,0.009345822036266327
1738004796.8848176,-0.003204345703125,0.009613037109375,0.0,1.496309709767878,-0.3301370559505178,0.5952391038920797,-0.0025249840524271,-5.734216290651054e-05,-0.0010422811171942,-0.9993650582337552,-0.03553429177972351,-0.002606624091896844,0.03549118688184403,-0.9992566795108901,0.015048724417311872,-0.0031394322991593394,0.014946657170874384,0.9998833639001378,0.000762939453125,12.249755859375,0.009345822036266327
1738004796.8968222,-0.003204345703125,0.011749267578125,0.0,1.4962845053770668,-0.3301376283399879,0.5952286998419678,-0.0025249840524271,-5.734216290651054e-05,-0.0010422811171942,-0.9993645559802592,-0.035549098135485076,-0.0025972816814967274,0.035506225869001616,-0.9992565999223166,0.015018503128823083,-0.0031292451036675595,0.01491674004079577,0.9998838425995473,0.000762939453125,12.249755859375,0.009345822036266327
1738004796.9055748,-0.00213623046875,0.0128173828125,-0.001068115234375,1.4962592605865106,-0.3301382016469327,0.5952182791153581,-0.0025249840524271,-5.734216290651054e-05,-0.0010422811171942,-0.9993640526031632,-0.0355639284963937,-0.002587924744920418,0.03552128864534733,-0.999256519076649,0.01498823324453596,-0.0031190411276374496,0.01488677509476416,0.9998843210640529,0.000762939453125,12.249755859375,0.009345822036266327
1738004796.9161215,-0.00213623046875,0.011749267578125,0.0,1.496152965255346,-0.3301779307325707,0.5953120264989292,-0.0024527629137873,-0.0001947706382753,-0.0009192743835305,-0.9993666616371448,-0.03548514093412988,-0.0026608985537385564,0.035440446372691156,-0.999254758849807,0.0152938444126576,-0.003201619767047631,0.015189854801778584,0.9998795017110652,0.000762939453125,12.249755859375,0.009345822036266327
1738004796.9265442,-0.00213623046875,0.011749267578125,0.0,1.496127961790203,-0.3301799162244573,0.5953026554158635,-0.0024527629137873,-0.0001947706382753,-0.0009192743835305,-0.9993661682395161,-0.035499155730457956,-0.0026592707067721677,0.03545449694989454,-0.9992543207786623,0.015289900300658172,-0.003200066295738457,0.015185925971070787,0.9998795663619214,0.000762939453125,12.249755859375,0.009345822036266327
1738004796.9349887,-0.003204345703125,0.011749267578125,0.0,1.4960993748384428,-0.3301821862762464,0.5952919412729234,-0.0024527629137873,-0.0001947706382753,-0.0009192743835305,-0.9993656038838258,-0.035515179121048096,-0.0026574096251995825,0.03547056123412634,-0.9992538196629631,0.0152853908917743,-0.0031982901138464075,0.015181434088323554,0.9998796402564508,0.000762939453125,12.249755859375,0.009345822036266327
1738004796.9454403,-0.00213623046875,0.011749267578125,-0.001068115234375,1.4960774814766742,-0.3301839247989636,0.595283735829776,-0.0024527629137873,-0.0001947706382753,-0.0009192743835305,-0.9993651714947452,-0.03552745065928626,-0.0026559843618526226,0.03548286407976169,-0.9992534356948856,0.015281937333481897,-0.003196929773326704,0.015177993991937496,0.9998796968327766,0.000762939453125,12.249755859375,0.009345822036266327
1738004796.9556036,-0.003204345703125,0.01068115234375,0.0,1.496247306711367,-0.3302510623223098,0.5953317681124705,-0.0026965288789278,-0.0002657228240621,-0.0011837443633153,-0.9993710278868635,-0.03535237066916366,-0.00278540992025623,0.0353058752651297,-0.9992598694906722,0.015271162275596436,-0.0033232201427090984,0.015163215805183084,0.9998795092881585,0.000762939453125,12.249755859375,0.009345822036266327
1738004796.9644866,-0.00213623046875,0.008544921875,-0.001068115234375,1.496220983196451,-0.3302536563085183,0.5953202123999958,-0.0026965288789278,-0.0002657228240621,-0.0011837443633153,-0.9993711120087645,-0.03534876894570925,-0.0028008956403800618,0.035302052207474774,-0.9992600644037952,0.015267245909586249,-0.003338501506089779,0.015158767157850087,0.9998795258359617,0.000762939453125,12.249755859375,0.009345822036266327
1738004796.9743812,-0.003204345703125,0.01068115234375,0.0,1.4961938426332846,-0.3302563308087425,0.595308298012979,-0.0026965288789278,-0.0002657228240621,-0.0011837443633153,-0.9993711984794702,-0.0353450553567131,-0.002816862001984348,0.03529811054915816,-0.9992602653341025,0.015263207922277065,-0.003354257200446335,0.015154180487579607,0.9998795426312026,0.000762939453125,12.249755859375,0.009345822036266327
1738004796.9841404,-0.00213623046875,0.01068115234375,0.001068115234375,1.496167020260526,-0.3302589739536735,0.5952965233077971,-0.0026965288789278,-0.0002657228240621,-0.0011837443633153,-0.9993712836748357,-0.03534138523260857,-0.0028326411617923173,0.035294215164044566,-0.9992604638761555,0.015259217213356794,-0.0033698281952125775,0.015149647647738702,0.9998795589640205,0.000762939453125,12.249755859375,0.009345822036266327
1738004796.9962676,-0.00213623046875,0.011749267578125,-0.001068115234375,1.496224669450473,-0.3302332328583872,0.5953277020764155,-0.0030569217707417,-9.249396674960036e-05,-0.0010067590138356,-0.9993724673870352,-0.03531183944973495,-0.0027830600829507244,0.035265441356665844,-0.9992615602731245,0.015253943963457412,-0.0033196497810360536,0.01514622577399663,0.9998797786584818,0.000762939453125,12.249755859375,0.009345822036266327
1738004797.0063503,-0.003204345703125,0.011749267578125,-0.001068115234375,1.4961939565574425,-0.3302341621452712,0.5953175871686035,-0.0030569217707417,-9.249396674960036e-05,-0.0010067590138356,-0.9993725542482275,-0.035308120975039735,-0.002799001355040196,0.03526149529438653,-0.9992617610582856,0.015249912665246756,-0.0033353807844853176,0.015141647199220315,0.9998797956530159,0.000762939453125,12.249755859375,0.009345822036266327
1738004797.0157247,-0.00213623046875,0.011749267578125,0.0,1.4961615379020636,-0.3302351430437885,0.5953069104892618,-0.0030569217707417,-9.249396674960036e-05,-0.0010067590138356,-0.9993726456455883,-0.03530419590034819,-0.0028158279718752182,0.03525733014012887,-0.9992619729588935,0.015245657404307663,-0.003351985490320142,0.015136814398326988,0.9998798132991501,0.000762939453125,12.249755859375,0.009345822036266327
1738004797.024428,-0.001068115234375,0.011749267578125,0.0,1.496132863975854,-0.3302360106371966,0.595297467089712,-0.0030569217707417,-9.249396674960036e-05,-0.0010067590138356,-0.9993727262389821,-0.03530072414886157,-0.002830710905512703,0.035253646167713405,-0.99926216035176,0.015241893616453173,-0.0033666721768346175,0.015132539895853312,0.9998798286568011,0.000762939453125,12.23968505859375,0.00933813862502575
1738004797.0359612,-0.00213623046875,0.011749267578125,0.0,1.4960851353123206,-0.3302359421731836,0.5953333017009359,-0.0030001412841552,7.324398026756945e-05,-0.0012317562624971,-0.9993723337003423,-0.03530606829124262,-0.002901753977468955,0.03525777373843764,-0.9992613884860447,0.015282894750380034,-0.003439189634315322,0.015170992807201794,0.9998789991553493,0.000762939453125,12.23968505859375,0.00933813862502575
1738004797.0451026,-0.00213623046875,0.011749267578125,-0.001068115234375,1.4960544198658534,-0.3302351923013136,0.5953206909803205,-0.0030001412841552,7.324398026756945e-05,-0.0012317562624971,-0.9993723683927499,-0.03530226793780684,-0.002935842555885268,0.035253468738920886,-0.9992615935333222,0.015279418546511868,-0.0034730728382197113,0.015166330066725379,0.9998789527724682,0.000762939453125,12.249755859375,0.009345822036266327
1738004797.0547504,-0.003204345703125,0.011749267578125,-0.001068115234375,1.4960265875551604,-0.3302345128169087,0.5953092639774733,-0.0030001412841552,7.324398026756945e-05,-0.0012317562624971,-0.9993723988169801,-0.03529882417052588,-0.0029667313618121655,0.035249567933679296,-0.9992617793055081,0.015276268512932048,-0.0035037755755456066,0.015162105110062026,0.9998789097312473,0.000762939453125,12.249755859375,0.009345822036266327
1738004797.0645256,-0.00213623046875,0.0128173828125,-0.001068115234375,1.4959968171531977,-0.3302337860168925,0.5952970412600805,-0.0030001412841552,7.324398026756945e-05,-0.0012317562624971,-0.9993724302950644,-0.03529514045296366,-0.0029997710816369047,0.03524539560404421,-0.9992619779842625,0.015272898994410623,-0.0035366162996681347,0.015157586067201325,0.9998788626277507,0.000762939453125,12.249755859375,0.009345822036266327
1738004797.0756404,-0.00213623046875,0.0128173828125,0.0,1.4959039799281248,-0.3302284496317222,0.5953019477565522,-0.0030286487828582,9.92732938551424e-05,-0.0010941251662597,-0.9993721307537344,-0.03530869086053135,-0.0029394935713804434,0.03525951222833602,-0.9992599547670258,0.015372364698426387,-0.0034800962861076677,0.015259067753864663,0.9998775173895663,0.000762939453125,12.249755859375,0.009345822036266327
1738004797.0862226,-0.003204345703125,0.0128173828125,-0.001068115234375,1.495873711612189,-0.3302274574944234,0.5952910130696406,-0.0030286487828582,9.92732938551424e-05,-0.0010941251662597,-0.9993722419562027,-0.035304272006185064,-0.002954722583668026,0.03525481462814467,-0.9992599142042973,0.015385769722567097,-0.0034957192347636465,0.015271942984898932,0.9998772663204708,0.000762939453125,12.249755859375,0.009345822036266327
1738004797.0962017,-0.00213623046875,0.0128173828125,-0.00213623046875,1.4958405963663972,-0.3302263720402284,0.5952790499050727,-0.0030286487828582,9.92732938551424e-05,-0.0010941251662597,-0.9993723633216421,-0.03529943775395386,-0.0029713840496391583,0.03524967494766559,-0.9992598696048937,0.015400435490427264,-0.003512811551966605,0.015286029290356327,0.9998769911661808,0.000762939453125,12.249755859375,0.009345822036266327
1738004797.1047714,-0.00213623046875,0.011749267578125,-0.001068115234375,1.495813065948961,-0.3302254696459873,0.5952691043073114,-0.0030286487828582,9.92732938551424e-05,-0.0010941251662597,-0.9993724639832942,-0.03529541896793545,-0.0029852356418445694,0.03524540187380771,-0.9992598323509201,0.01541262783450152,-0.00352702122381319,0.015297740025538461,0.9998767620419018,0.000762939453125,12.249755859375,0.009345822036266327
1738004797.1149273,-0.003204345703125,0.009613037109375,-0.001068115234375,1.495886750337051,-0.3302458130307937,0.5953375195123167,-0.0031752897358181,-0.0001444389770737,-0.0005677257397341,-0.9993730018091123,-0.035312878308466994,-0.002569801668492576,0.03526976581874689,-0.9992616769102534,0.015236294746396829,-0.0031059417468361048,0.015136105314106647,0.9998806185949328,0.000762939453125,12.249755859375,0.009345822036266327
1738004797.125178,-0.0042724609375,0.01068115234375,0.0,1.495854851376365,-0.3302472640647573,0.5953318161395353,-0.0031752897358181,-0.0001444389770737,-0.0005677257397341,-0.9993732269205339,-0.035309154729794,-0.002533161405514964,0.03526661533333681,-0.9992618777935289,0.01523041140222074,-0.003069064575628409,0.015131529361499085,0.9998808017267922,0.000762939453125,12.249755859375,0.009345822036266327
1738004797.1343372,-0.003204345703125,0.011749267578125,0.0,1.4958233779045036,-0.3302486957438981,0.5953261888420032,-0.0031752897358181,-0.0001444389770737,-0.0005677257397341,-0.9993734476933058,-0.035305480982543255,-0.002497009849053671,0.03526350665805427,-0.9992620759593707,0.015224606646675264,-0.003032679305887262,0.015127014310824949,0.9998809810643803,0.000762939453125,12.249755859375,0.009345822036266327
1738004797.1448622,-0.003204345703125,0.011749267578125,-0.001068115234375,1.495791437665051,-0.3302501486555685,0.5953204780887872,-0.0031752897358181,-0.0001444389770737,-0.0005677257397341,-0.9993736703835852,-0.03530175291823665,-0.0024603221214503186,0.035260351663170535,-0.9992622770256017,0.015218715918216677,-0.0029957544343746246,0.015122432162506276,0.9998811616891576,0.000762939453125,12.249755859375,0.009345822036266327
1738004797.15459,-0.003204345703125,0.01068115234375,-0.00213623046875,1.4954076771231104,-0.3299937588650999,0.5952706701557898,-0.0039940297701019,0.0005882110691775,-0.0006591178391361,-0.9993685817616081,-0.035407616196014506,-0.002956095923317911,0.035358504654574865,-0.9992579107889615,0.015277561136263634,-0.003494844257550392,0.015163391474060043,0.9998789214813061,0.000762939453125,12.249755859375,0.009345822036266327
1738004797.165995,-0.0042724609375,0.0128173828125,-0.00213623046875,1.4953905335344486,-0.3300133246079959,0.5952828478781876,-0.0043762752345459,0.0002940789476045,-0.0004531982318754,-0.9993737608911214,-0.035277675531727636,-0.0027516633903983375,0.03523172043307266,-0.9992625808964989,0.01526500230573346,-0.0032881480595805916,0.015158496928996052,0.9998796967901649,0.000762939453125,12.249755859375,0.009345822036266327
1738004797.1749105,-0.00213623046875,0.011749267578125,-0.001068115234375,1.4953467226430754,-0.3300103805836514,0.5952783109106884,-0.0043762752345459,0.0002940789476045,-0.0004531982318754,-0.9993739452785148,-0.03527393171840117,-0.002732625034953799,0.03522828275400471,-0.999262782055418,0.015259767136826469,-0.003268882478765336,0.015153948000169669,0.999879828913129,0.000762939453125,12.249755859375,0.009345822036266327
1738004797.185569,-0.001068115234375,0.009613037109375,0.001068115234375,1.495302924880528,-0.3300074374415438,0.5952737753027838,-0.0043762752345459,0.0002940789476045,-0.0004531982318754,-0.9993741292310938,-0.03527018911310583,-0.00271359236413274,0.035224846003828074,-0.9992629831173557,0.015254533601840849,-0.0032496226857169144,0.015149400362022421,0.9998799606058077,0.000762939453125,12.249755859375,0.009345822036266327
1738004797.196592,-0.00213623046875,0.01068115234375,-0.001068115234375,1.4952539368555526,-0.3300041455218043,0.5952687022017762,-0.0043762752345459,0.0002940789476045,-0.0004531982318754,-0.9993743345333828,-0.03526600309165824,-0.0026923041985264214,0.035221001860924854,-0.9992632079627028,0.015248679942882763,-0.003228080524240377,0.015144313719244528,0.9998801074419383,0.000762939453125,12.249755859375,0.009345822036266327
1738004797.2070968,-0.003204345703125,0.011749267578125,-0.001068115234375,1.4954729406654033,-0.3300548354978708,0.595403222912772,-0.0040374595095172,0.0005733941033423,-0.0004642379151736,-0.9993716249124623,-0.03533737310258126,-0.0027614094288629957,0.03529124260459813,-0.9992603831359098,0.015271374872560793,-0.0032990173155418158,0.015164325150953797,0.999879572612356,0.000762939453125,12.249755859375,0.009345822036266327
