time,rate_roll,rate_pitch,rate_yaw,pos_x,pos_y,pos_z,vel_x,vel_y,vel_z,R11,R12,R13,R21,R22,R23,R31,R32,R33,current,voltage,energy
1738727026.6462955,-0.01922607421875,0.043792724609375,-0.135650634765625,1.1818714962955534,-0.5833635026298993,0.645995315360163,-0.0107796006639004,0.0107676211133218,0.0006093170937493,-0.9998214814441789,0.017953033795419335,-0.005890146034508535,-0.017733074644915515,-0.9992129668952063,-0.035482176541427525,-0.006522523009170592,-0.03537139191521457,0.9993529513277956,0.000762939453125,11.2298583984375,0.008567702025175095
1738727026.6551318,-0.020294189453125,0.04486083984375,-0.135650634765625,1.1817651986534068,-0.5832573231181009,0.6460013238360245,-0.0107796006639004,0.0107676211133218,0.0006093170937493,-0.9998215425180245,0.017943686345981404,-0.0059082346936502085,-0.017723058621630018,-0.9992129578315964,-0.03548743572768799,-0.0065403600797262875,-0.03537639073944035,0.9993526578081824,0.000762939453125,11.2298583984375,0.008567702025175095
1738727026.6651294,-0.020294189453125,0.045928955078125,-0.135650634765625,1.1821936679444571,-0.5836450302396715,0.645976600837738,-0.0103510763793957,0.0107579428570832,0.0010011291110644,-0.9998238585051386,0.0178026884825374,-0.005942747402540024,-0.0175811396179268,-0.9992166207811969,-0.03545487673566022,-0.006569284103433999,-0.03534415138887375,0.9993536088237079,0.000762939453125,11.2298583984375,0.008567702025175095
1738727026.6749296,-0.01922607421875,0.04486083984375,-0.13458251953125,1.1820895464671568,-0.5835368160924721,0.6459866711954663,-0.0103510763793957,0.0107579428570832,0.0010011291110644,-0.9998240313514617,0.017792676427380173,-0.005943651879262185,-0.017571068459023054,-0.9992166186455468,-0.035459929156274994,-0.006569922778818037,-0.035349253006396984,0.9993534241831415,0.000762939453125,11.21978759765625,0.008560018613934517
1738727026.6846282,-0.020294189453125,0.043792724609375,-0.135650634765625,1.1819867292254802,-0.5834299574460727,0.6459966154109265,-0.0103510763793957,0.0107579428570832,0.0010011291110644,-0.9998242019331354,0.017782789786956743,-0.005944545076096321,-0.017561123447514843,-0.9992166164124062,-0.03546491827994632,-0.006570553403631881,-0.03535429072595055,0.9993532418295519,0.000762939453125,11.2298583984375,0.008567702025175095
1738727026.6952362,-0.020294189453125,0.045928955078125,-0.135650634765625,1.1818829389826242,-0.5833220875530447,0.6460066537325231,-0.0103510763793957,0.0107579428570832,0.0010011291110644,-0.9998243740287515,0.017772809588044693,-0.005945446775677671,-0.017551084317391087,-0.9992166140329156,-0.03546995460779913,-0.0065711899454465586,-0.03535937612490651,0.9993530577242251,0.000762939453125,11.2298583984375,0.008567702025175095
1738727026.705552,-0.01922607421875,0.04486083984375,-0.13671875,1.1821477429743046,-0.5835988071125128,0.6459929926981326,-0.0102874496813274,0.010756140906744,0.0008053889045761,-0.9998244112787978,0.01780281523409161,-0.005848622123729451,-0.017584487246345794,-0.9992159811100725,-0.035471240498725916,-0.006475524634227243,-0.03536216712782387,0.9993535834311775,0.000762939453125,11.2298583984375,0.008567702025175095
1738727026.715404,-0.01922607421875,0.043792724609375,-0.135650634765625,1.1820440866313155,-0.5834904282367365,0.6460011077967351,-0.0102874496813274,0.010756140906744,0.0008053889045761,-0.999824650451539,0.017788972571290265,-0.00584985506792048,-0.017570564131441146,-0.9992159780059405,-0.03547822675578451,-0.0064763898555218365,-0.03536922041111216,0.9993533282187784,0.000762939453125,11.2298583984375,0.008567702025175095
1738727026.7250466,-0.01922607421875,0.04486083984375,-0.135650634765625,1.1819424569159136,-0.5833841683207187,0.6460090642337235,-0.0102874496813274,0.010756140906744,0.0008053889045761,-0.9998248201353227,0.017779144930522503,-0.005850730459446379,-0.01756067936451024,-0.999215975655251,-0.03548318666046935,-0.006477004062564875,-0.03537422791898534,0.9993531469993524,0.000762939453125,11.2298583984375,0.008567702025175095
1738727026.7348702,-0.01922607421875,0.04486083984375,-0.13458251953125,1.1818394795446037,-0.5832764993502423,0.6460171261766583,-0.0102874496813274,0.010756140906744,0.0008053889045761,-0.99982499196951,0.017769186973512516,-0.00585161750881306,-0.01755066351625677,-0.9992159731489703,-0.03548821232600282,-0.006477626363740651,-0.03537930183393502,0.999352963351005,0.000762939453125,11.2298583984375,0.008567702025175095
1738727026.7457595,-0.020294189453125,0.043792724609375,-0.13458251953125,1.1821263466171263,-0.5836064557568471,0.6459707125845732,-0.0103469285939379,0.0108384384256839,0.0003384049329535,-0.9998234501745419,0.017862730648443553,-0.005830208817562832,-0.0176452483265508,-0.9992161779602351,-0.03543550358093232,-0.006458613827253345,-0.03532637196657855,0.9993549588365034,0.000762939453125,11.2298583984375,0.008567702025175095
1738727026.755759,-0.020294189453125,0.043792724609375,-0.135650634765625,1.182269222104081,-0.5837599512240976,0.6459719288182669,-0.0103886708579362,0.0108015503688706,0.0005817917241879,-0.9998229769351692,0.01788169771127223,-0.00585317686890463,-0.01766341655555724,-0.9992159886483511,-0.03543179003498224,-0.006482168470571021,-0.03532213068970899,0.9993549562470074,0.000762939453125,11.2298583984375,0.008567702025175095
1738727026.7659092,-0.0213623046875,0.043792724609375,-0.135650634765625,1.1821802015834997,-0.5836673927389867,0.6459769141915516,-0.0103886708579362,0.0108015503688706,0.0005817917241879,-0.9998230137571118,0.01787441107406058,-0.005869121774302265,-0.017655638426405572,-0.9992164931610968,-0.035421437387489076,-0.006497660609951822,-0.03531154518844054,0.9993552297271489,0.000762939453125,11.21978759765625,0.008560018613934517
1738727026.77489,-0.020294189453125,0.043792724609375,-0.13458251953125,1.1820805015092757,-0.5835637302600967,0.6459824976467285,-0.0103886708579362,0.0108015503688706,0.0005817917241879,-0.9998230546357085,0.017866250076777182,-0.005886979455984898,-0.0176469273652489,-0.9992170580014095,-0.03540984260870832,-0.006515011395750471,-0.035299689902347935,0.9993555355924694,0.000762939453125,11.21978759765625,0.008560018613934517
1738727026.785373,-0.01922607421875,0.045928955078125,-0.13458251953125,1.1819719191214686,-0.5834508324556412,0.6459885785338297,-0.0103886708579362,0.0108015503688706,0.0005817917241879,-0.9998230987225475,0.017857361771026183,-0.005906427974803914,-0.017637440460268907,-0.9992176729261742,-0.03539721466459666,-0.0065339080842419985,-0.03528677858036576,0.9993558681983945,0.000762939453125,11.2298583984375,0.008567702025175095
1738727026.795668,-0.020294189453125,0.04486083984375,-0.13458251953125,1.182165037833944,-0.5836508957309735,0.6459789389361646,-0.0102664378246319,0.0108265706331718,0.0006420386966648,-0.999822977316625,0.01788400057144717,-0.005846071610934099,-0.01766588285673427,-0.9992154735273492,-0.035445084940052295,-0.006475385132317197,-0.03533553433975291,0.9993545263820605,0.000762939453125,11.2298583984375,0.008567702025175095
1738727026.8049915,-0.020294189453125,0.04486083984375,-0.135650634765625,1.182061829334493,-0.5835420562163983,0.6459853933511822,-0.0102664378246319,0.0108265706331718,0.0006420386966648,-0.9998231506672626,0.01787401708181246,-0.005846956742402277,-0.01765584146641649,-0.9992154720511323,-0.035450129417896756,-0.006476005860189991,-0.035340627144858895,0.9993543422736035,0.000762939453125,11.2298583984375,0.008567702025175095
1738727026.8160534,-0.018157958984375,0.04486083984375,-0.135650634765625,1.1819547811872957,-0.5834291675644062,0.6459920878886724,-0.0102664378246319,0.0108265706331718,0.0006420386966648,-0.9998233303604915,0.017863662181031185,-0.005847874856506781,-0.017645426502830446,-0.9992154703869397,-0.0354553615542135,-0.006476649626819171,-0.03534590942229083,0.999354151288082,0.000762939453125,11.2298583984375,0.008567702025175095
1738727026.8263447,-0.020294189453125,0.04486083984375,-0.135650634765625,1.1818569625677025,-0.5833260119994134,0.6459982052333741,-0.0102664378246319,0.0108265706331718,0.0006420386966648,-0.9998234944659846,0.017854200066523506,-0.005848713859623972,-0.01763590949687142,-0.9992154687477637,-0.03546014257451575,-0.006477237840728562,-0.03535073627481295,0.9993539767443683,0.000762939453125,11.2298583984375,0.008567702025175095
1738727026.8351998,-0.020294189453125,0.04486083984375,-0.135650634765625,1.1817436374883228,-0.5832210164188448,0.6460046380480482,-0.0101638072115187,0.0106155204470906,0.0007937805469263,-0.9998235329777864,0.01784133903677687,-0.005881286015151281,-0.017621756253062715,-0.9992149088715427,-0.035482947952390556,-0.006509731974119774,-0.0353730477936125,0.9993529761197572,0.000762939453125,11.2298583984375,0.008567702025175095
1738727026.8450937,-0.01922607421875,0.04486083984375,-0.135650634765625,1.1816423754770744,-0.5831152539886304,0.6460125464836373,-0.0101638072115187,0.0106155204470906,0.0007937805469263,-0.9998238146379538,0.017830985315075903,-0.005864780090010929,-0.017611962211371738,-0.9992149147617668,-0.03548764439491816,-0.0064929554038091995,-0.03537810170611899,0.9993529063598081,0.000762939453125,11.2298583984375,0.008567702025175095
1738727026.8558302,-0.01922607421875,0.04486083984375,-0.135650634765625,1.1815407882239954,-0.5830091518617617,0.6460204803202038,-0.0101638072115187,0.0106155204470906,0.0007937805469263,-0.9998240968224088,0.017820598252729362,-0.005848221197020882,-0.01760213678978225,-0.9992149205451629,-0.03549235608349474,-0.006476124897518533,-0.035383171675792593,0.9993528360736628,0.000762939453125,11.2298583984375,0.008567702025175095
1738727026.864977,-0.01922607421875,0.04486083984375,-0.135650634765625,1.181437076735209,-0.5829008310911197,0.6460285800569046,-0.0101638072115187,0.0106155204470906,0.0007937805469263,-0.9998243845144541,0.0178099939036449,-0.005831316098884883,-0.017592105994160154,-0.999214926319566,-0.03549716646261501,-0.006458942404389199,-0.03538834747959414,0.999352764005624,0.000762939453125,11.2298583984375,0.008567702025175095
1738727026.8753157,-0.020294189453125,0.04486083984375,-0.13671875,1.1820658026374944,-0.583569544568494,0.645983906239297,-0.0104174764911214,0.0105898067426818,0.0007413991399123,-0.9998225602877598,0.017860198500265163,-0.005988426267377451,-0.01763686113015636,-0.9992148933526894,-0.035475879575410756,-0.006617330965296342,-0.03536396770308151,0.9993525907902531,0.000762939453125,11.2298583984375,0.008567702025175095
1738727026.8857837,-0.0213623046875,0.04486083984375,-0.13458251953125,1.1819422390144667,-0.5834735287628178,0.646031567497943,-0.0105363937737926,0.0104609771169727,0.0008214006157784,-0.9998216181355655,0.01796134495910548,-0.005841403601849973,-0.017743323356112038,-0.9992139817674391,-0.03544845718419871,-0.006473514119868647,-0.03533848790935368,0.9993544340659225,0.000762939453125,11.2298583984375,0.008567702025175095
1738727026.8961303,-0.01922607421875,0.04486083984375,-0.135650634765625,1.1818106289198382,-0.5833428606976496,0.6460418276130346,-0.0105363937737926,0.0104609771169727,0.0008214006157784,-0.999821534334113,0.01795130657124111,-0.005886431360810216,-0.017731795682419824,-0.9992147077682639,-0.03543375793589598,-0.006517891043668341,-0.0353230572285026,0.9993546911504316,0.000762939453125,11.2298583984375,0.008567702025175095
1738727026.907957,-0.01922607421875,0.04486083984375,-0.13458251953125,1.181731321483903,-0.5832641209228902,0.6460480102954697,-0.0105363937737926,0.0104609771169727,0.0008214006157784,-0.999821482814535,0.017945257163564574,-0.0059135647352451404,-0.017724849491133364,-0.999215145086478,-0.03542490000445246,-0.006544632385479712,-0.03531375900612,0.9993548449934071,0.000762939453125,11.2298583984375,0.008567702025175095
1738727026.916698,-0.020294189453125,0.043792724609375,-0.135650634765625,1.1816073292019729,-0.5831410161441777,0.6460576765379161,-0.0105363937737926,0.0104609771169727,0.0008214006157784,-0.9998214007277302,0.01793579878058181,-0.005955985975661542,-0.017713990023203022,-0.9992158285572175,-0.035411050791683316,-0.0065864409431544094,-0.035299222127630404,0.999355083898054,0.000762939453125,11.2298583984375,0.008567702025175095
1738727026.9251783,-0.0213623046875,0.04486083984375,-0.135650634765625,1.1814686340676144,-0.5830359955361515,0.6461296032296395,-0.0105341365062629,0.0098646742698192,0.0019351508281394,-0.9998180566467113,0.018289824955174075,-0.0054162631308702965,-0.01808629740223537,-0.9992058924654869,-0.0355031028014172,-0.0060613075711126365,-0.03539868310204767,0.9993548888083599,0.000762939453125,11.2298583984375,0.008567702025175095
1738727026.9341025,-0.020294189453125,0.043792724609375,-0.135650634765625,1.1813907025257409,-0.5829630166759033,0.6461439194754661,-0.0105341365062629,0.0098646742698192,0.0019351508281394,-0.9998175548612743,0.01833265124425007,-0.005363850256984626,-0.01813091734557252,-0.999204873822999,-0.03550901244152694,-0.006010559660354035,-0.035405282469162615,0.9993549615356139,0.000762939453125,11.2298583984375,0.008567702025175095
1738727026.9435666,-0.01922607421875,0.045928955078125,-0.135650634765625,1.181285498104453,-0.5828644981739707,0.6461632458267867,-0.0105341365062629,0.0098646742698192,0.0019351508281394,-0.9998168702163366,0.01839046439308712,-0.005293094578376716,-0.0181911528805364,-0.9992034956036628,-0.03551698650361182,-0.005942052480919241,-0.035414194792870654,0.9993550554329961,0.000762939453125,11.2298583984375,0.008567702025175095
1738727026.9555979,-0.01922607421875,0.045928955078125,-0.13671875,1.1818433287363856,-0.5833376168953015,0.6460340055358842,-0.0102906870367639,0.0107756529121495,0.0008011344286349,-0.9998218912890665,0.01797087691561164,-0.005764831483914293,-0.017755391082236137,-0.9992128553034901,-0.03547415797116606,-0.0063977954539702455,-0.035365482877098287,0.9993539667376115,0.000762939453125,11.2298583984375,0.008567702025175095
1738727026.9652352,-0.01922607421875,0.043792724609375,-0.13458251953125,1.1817292770519572,-0.5832181903340762,0.6460428845087568,-0.0102906870367639,0.0107756529121495,0.0008011344286349,-0.999821970770254,0.017959183953227726,-0.0057874413015972055,-0.01774286329376309,-0.9992128439685071,-0.03548074478512053,-0.006420090904663246,-0.0353717423956207,0.9993536022212928,0.000762939453125,11.2298583984375,0.008567702025175095
1738727026.9736009,-0.01922607421875,0.043792724609375,-0.13458251953125,1.1816370210426723,-0.5831215866057188,0.6460500666789095,-0.0102906870367639,0.0107756529121495,0.0008011344286349,-0.9998220280032817,0.017950704230453057,-0.0058038381297012415,-0.017733777969369327,-0.9992128356308736,-0.035485521405807664,-0.006436259654340427,-0.035376281999946205,0.9993533375305864,0.000762939453125,11.2298583984375,0.008567702025175095
1738727026.9837718,-0.01922607421875,0.042724609375,-0.13458251953125,1.1815343302767327,-0.5830140563653085,0.6460580611993728,-0.0102906870367639,0.0107756529121495,0.0008011344286349,-0.9998220913070983,0.017941265481670063,-0.005822089591920133,-0.01772366494300768,-0.9992128262340899,-0.03549083811732868,-0.006454257144560565,-0.03538133522351388,0.9993530425642948,0.000762939453125,11.2298583984375,0.008567702025175095
1738727026.9946475,-0.020294189453125,0.043792724609375,-0.135650634765625,1.1821960944965042,-0.5836936868500113,0.645976752582854,-0.0107890780518472,0.0104992963899236,0.0004078650153675,-0.9998224078309637,0.017921727413066767,-0.005827905766757828,-0.017704227423407565,-0.9992147878740192,-0.035445282129208854,-0.0064585703088796236,-0.03533580875557655,0.9993546254904485,0.000762939453125,11.2298583984375,0.008567702025175095
1738727027.0035133,-0.01922607421875,0.043792724609375,-0.13671875,1.1821232878440004,-0.5836219427287098,0.6459640139504251,-0.0105342764733207,0.0107556836916331,7.55769094979618e-06,-0.9998223115681206,0.01793568161721019,-0.005801432194380142,-0.017719121822951985,-0.9992145964497529,-0.03544323579445216,-0.006432574321631158,-0.03533414165766329,0.9993548521025517,0.000762939453125,11.2298583984375,0.008567702025175095
1738727027.0142326,-0.01922607421875,0.043792724609375,-0.135650634765625,1.182373160402935,-0.5838538986094101,0.6459631884712742,-0.010327135928118,0.0111427332852042,-0.0001154997504908,-0.9998237959503554,0.01783858420337246,-0.005844823781882593,-0.01762078790307099,-0.9992176368400896,-0.03540652568922869,-0.006471853296935655,-0.035297296515827026,0.9993559005547407,0.000762939453125,11.2298583984375,0.008567702025175095
1738727027.0240693,-0.020294189453125,0.04486083984375,-0.135650634765625,1.182275331444288,-0.5837483434969993,0.6459620943421378,-0.010327135928118,0.0111427332852042,-0.0001154997504908,-0.9998243769888775,0.017783250670261354,-0.00591364307356737,-0.0175632554379493,-0.9992197147731252,-0.035376456395966295,-0.006538137137155094,-0.03526638065230126,0.9993565605720827,0.000762939453125,11.2298583984375,0.008567702025175095
1738727027.0337183,-0.020294189453125,0.043792724609375,-0.13671875,1.1821723698990847,-0.5836372504461459,0.6459609428096255,-0.010327135928118,0.0111427332852042,-0.0001154997504908,-0.9998249801401784,0.0177250117083666,-0.0059860711347246385,-0.017502706631603294,-0.9992218972807797,-0.03534480520764975,-0.006607900442632792,-0.035233846717849904,0.9993572492843603,0.000762939453125,11.21978759765625,0.008560018613934517
1738727027.0443993,-0.01922607421875,0.04486083984375,-0.135650634765625,1.1820690778855316,-0.5835258008278272,0.645959787581121,-0.010327135928118,0.0111427332852042,-0.0001154997504908,-0.9998255766006509,0.017666583389077423,-0.006058729778833226,-0.017441965644326558,-0.9992240822139622,-0.035313047986929386,-0.006677889609620612,-0.035201212408407456,0.9993579340933558,0.000762939453125,11.21978759765625,0.008560018613934517
1738727027.0544276,-0.018157958984375,0.04486083984375,-0.135650634765625,1.1818898709470649,-0.5833183313092315,0.6459503212810913,-0.0103243373875106,0.0111345653989816,-0.0002777191820929,-0.9998261562845622,0.01754514065243145,-0.006310724896912333,-0.0173112360399647,-0.999223857701422,-0.03538365875735706,-0.006926638146080618,-0.03526826108237917,0.9993538769846337,0.000762939453125,11.2298583984375,0.008567702025175095
1738727027.0649927,-0.020294189453125,0.043792724609375,-0.135650634765625,1.1817928531486346,-0.5832136997981773,0.6459477115539372,-0.0103243373875106,0.0111345653989816,-0.0002777191820929,-0.999826590133733,0.017489773103116963,-0.006395115194729206,-0.01725301807578928,-0.9992253322333339,-0.03537045080940052,-0.007008782264335106,-0.035253982186204444,0.9993538080735902,0.000762939453125,11.2298583984375,0.008567702025175095
1738727027.0751781,-0.020294189453125,0.04486083984375,-0.13671875,1.1816896200990967,-0.5831023652787528,0.6459449346398354,-0.0103243373875106,0.0111345653989816,-0.0002777191820929,-0.9998270406169966,0.01743085715670148,-0.006484910935508245,-0.01719107162557225,-0.9992268974809395,-0.035356391317278614,-0.007096189641156043,-0.035238793529273366,0.9993537269271467,0.000762939453125,11.2298583984375,0.008567702025175095
1738727027.085701,-0.020294189453125,0.043792724609375,-0.135650634765625,1.1815860979681123,-0.5829907189914973,0.6459421499495965,-0.0103243373875106,0.0111345653989816,-0.0002777191820929,-0.9998274808074095,0.017371774794942913,-0.006574957245724214,-0.01712895288000935,-0.9992284632318684,-0.035342286860262535,-0.007183842672534995,-0.03522356750461902,0.9993536374560829,0.000762939453125,11.2298583984375,0.008567702025175095
1738727027.0949085,-0.018157958984375,0.043792724609375,-0.13458251953125,1.1818567624920022,-0.583286367538544,0.6459979994702738,-0.0100629375024353,0.0107722825769047,0.0007637389295318,-0.9998253908885819,0.017747038169409306,-0.005850672671413134,-0.01752870842120875,-0.9992171628219526,-0.0354655593940333,-0.006475501183594727,-0.03535681204889642,0.9993537730584501,0.000762939453125,11.2298583984375,0.008567702025175095
1738727027.1048114,-0.01922607421875,0.043792724609375,-0.135650634765625,1.1817560425505405,-0.5831785477622318,0.6460056437332196,-0.0100629375024353,0.0107722825769047,0.0007637389295318,-0.999825672603587,0.017736624335669544,-0.0058340860432611,-0.017518856897360196,-0.9992171680704407,-0.035470278914872005,-0.006458641946621143,-0.03536188895497995,0.9993537025266586,0.000762939453125,11.2298583984375,0.008567702025175095
1738727027.115464,-0.020294189453125,0.04486083984375,-0.135650634765625,1.18165124711939,-0.5830663652114758,0.6460135973104317,-0.0100629375024353,0.0107722825769047,0.0007637389295318,-0.9998259653118031,0.01772578902952876,-0.005816828311188538,-0.01750860682817032,-0.9992171733969606,-0.03547518957701504,-0.006441100469465932,-0.03536717110357071,0.9993536288185845,0.000762939453125,11.2298583984375,0.008567702025175095
1738727027.1254745,-0.020294189453125,0.043792724609375,-0.135650634765625,1.1815497925834904,-0.5829577590585355,0.6460212973263192,-0.0100629375024353,0.0107722825769047,0.0007637389295318,-0.9998262482939844,0.01771529906591908,-0.0058001208074516435,-0.01749868361310512,-0.9992171784231474,-0.03547994385413211,-0.006424118163953187,-0.03537228467443074,0.9993535571471823,0.000762939453125,11.2298583984375,0.008567702025175095
1738727027.135128,-0.01922607421875,0.042724609375,-0.135650634765625,1.182183656531749,-0.5837072770769108,0.6459827639190973,-0.0102678961926151,0.0107984228297322,0.0005219487428669,-0.999823325017018,0.017882769433093096,-0.005790104430607434,-0.017666529712357368,-0.9992149070617156,-0.035460728046243235,-0.006419694684087619,-0.035352171970758156,0.999354297262544,0.000762939453125,11.21978759765625,0.008560018613934517
1738727027.1447406,-0.01922607421875,0.042724609375,-0.13671875,1.1820844843654266,-0.5836087693858983,0.6459865149655923,-0.0107839109078711,0.0107431084514481,0.0004148963281433,-0.9998232805822163,0.017874229199507142,-0.005824048105760185,-0.017656760100033062,-0.9992148898186163,-0.03546607939341879,-0.00645340441818137,-0.03535697802830286,0.9993539101219955,0.000762939453125,11.2298583984375,0.008567702025175095
1738727027.155488,-0.020294189453125,0.043792724609375,-0.13458251953125,1.1819767207437242,-0.5835014135031431,0.6459906610245995,-0.0107839109078711,0.0107431084514481,0.0004148963281433,-0.9998232324952234,0.01786524216333178,-0.005859768361278298,-0.017646478970921465,-0.9992148715551722,-0.03547171045931686,-0.00648887838776104,-0.03536203593440704,0.9993535014557373,0.000762939453125,11.2298583984375,0.008567702025175095
1738727027.165555,-0.020294189453125,0.0469970703125,-0.13458251953125,1.1818594241447793,-0.5833845607125167,0.6459951738519607,-0.0107839109078711,0.0107431084514481,0.0004148963281433,-0.9998231786081245,0.017855460320264242,-0.005898648548416486,-0.017635288124317635,-0.9992148515387104,-0.03547783924149527,-0.006527490384410241,-0.03536754163388444,0.9993530551652188,0.000762939453125,11.2298583984375,0.008567702025175095
1738727027.1767402,-0.020294189453125,0.04486083984375,-0.13458251953125,1.1817551868619438,-0.583280717826225,0.6459991842398686,-0.0107839109078711,0.0107431084514481,0.0004148963281433,-0.9998231293680347,0.01784676772509297,-0.005933200019928428,-0.017625343019756743,-0.9992148336306104,-0.03548328530431452,-0.006561803421759226,-0.03537243466766248,0.9993526572744659,0.000762939453125,11.21978759765625,0.008560018613934517
1738727027.1847997,-0.020294189453125,0.04486083984375,-0.135650634765625,1.1815333077230716,-0.5830925781731998,0.6460457848560691,-0.010535546170534,0.0101337338661326,0.0008452080351424,-0.9998179915207404,0.018225180262104523,-0.005641510067926375,-0.018013536506089382,-0.9992061756047701,-0.03553211414809343,-0.006284610885051198,-0.035424023454474395,0.9993526115582629,0.000762939453125,11.2298583984375,0.008567702025175095
1738727027.195611,-0.020294189453125,0.04486083984375,-0.135650634765625,1.181424159464745,-0.5829875926903466,0.6460545412113131,-0.010535546170534,0.0101337338661326,0.0008452080351424,-0.999816977937126,0.018286606613135577,-0.005622334679542955,-0.018075546490733955,-0.9992047264920432,-0.03554137272282038,-0.006267794487192492,-0.03543324109558073,0.9993523903897608,0.000762939453125,11.2298583984375,0.008567702025175095
1738727027.2042084,-0.020294189453125,0.04486083984375,-0.13458251953125,1.1813247249799874,-0.5828919505101181,0.6460625182847488,-0.010535546170534,0.0101337338661326,0.0008452080351424,-0.9998160509592009,0.01834256604143769,-0.005604865329693939,-0.0181320379017838,-0.9992034029539846,-0.03554980628224765,-0.006252475180021436,-0.03544163929888904,0.9993521885491273,0.000762939453125,11.2298583984375,0.008567702025175095
1738727027.2141013,-0.020294189453125,0.04486083984375,-0.135650634765625,1.1823515539120208,-0.5838735483558397,0.6459660100803863,-0.010174624878276,0.0110172394062139,0.0003878632112192,-0.9998227291395704,0.017900566474463867,-0.005837809160519784,-0.017682752371276544,-0.9992152941155875,-0.03544173068680695,-0.006467655253448682,-0.035332219366936736,0.9993546936449186,0.000762939453125,11.2298583984375,0.008567702025175095
1738727027.2248135,-0.020294189453125,0.04486083984375,-0.13458251953125,1.1821899006847296,-0.5837040955628399,0.6459757387475268,-0.0102468298803688,0.0107478349606247,0.0006539492322405,-0.9998229123866985,0.01788706953157777,-0.005847786773868865,-0.017668878757074635,-0.9992153626138679,-0.0354467183234827,-0.006477236297058345,-0.03533711731323071,0.9993544584130013,0.000762939453125,11.2298583984375,0.008567702025175095
1738727027.2338772,-0.01922607421875,0.043792724609375,-0.13458251953125,1.182107055065147,-0.5836171993171831,0.6459810259270695,-0.0102468298803688,0.0107478349606247,0.0006539492322405,-0.9998230515885286,0.017879056413899076,-0.00584849159623655,-0.01766081931164803,-0.9992153612063462,-0.035450774187770755,-0.006477729034465335,-0.03534121207626597,0.9993543104202516,0.000762939453125,11.2298583984375,0.008567702025175095
1738727027.2439797,-0.01922607421875,0.043792724609375,-0.135650634765625,1.1820011233378436,-0.5835060881993602,0.6459877864542324,-0.0102468298803688,0.0107478349606247,0.0006539492322405,-0.9998232294862905,0.017868810329772177,-0.005849392874741967,-0.01765051398278875,-0.9992153592883184,-0.035455960267072276,-0.006478359032026078,-0.03534644790803535,0.999354121162532,0.000762939453125,11.2298583984375,0.008567702025175095
1738727027.2549796,-0.01922607421875,0.043792724609375,-0.13671875,1.181897609862392,-0.583397513570588,0.6459943926493765,-0.0102468298803688,0.0107478349606247,0.0006539492322405,-0.9998234032203336,0.017858798150091223,-0.005850273629869467,-0.017640443903140384,-0.9992153572858418,-0.035461027946576386,-0.006478974595582609,-0.03535156421945163,0.9993539361984961,0.000762939453125,11.2298583984375,0.008567702025175095
1738727027.2637064,-0.01922607421875,0.04486083984375,-0.13671875,1.1817436700284605,-0.5832458614823558,0.6460019445974502,-0.0102161493128285,0.0106923295428382,0.0007777157116435,-0.9998240394929138,0.01784270432035779,-0.005790332858205119,-0.017626593724687716,-0.9992162355991605,-0.03544316166354006,-0.006418196455183032,-0.03533486122201871,0.9993549191036603,0.000762939453125,11.2298583984375,0.008567702025175095
1738727027.273856,-0.01922607421875,0.0469970703125,-0.13671875,1.1816436334943894,-0.5831411621914724,0.6460095599896987,-0.0102161493128285,0.0106923295428382,0.0007777157116435,-0.9998243735239307,0.017830367093758955,-0.00577062533710758,-0.017614924538578377,-0.9992162427262059,-0.035448761693805696,-0.006398167001545017,-0.03534088682285483,0.9993548344695163,0.000762939453125,11.2298583984375,0.008567702025175095
1738727027.2842865,-0.020294189453125,0.04486083984375,-0.13671875,1.1815406444931666,-0.583033372817351,0.6460174001417878,-0.0102161493128285,0.0106923295428382,0.0007777157116435,-0.9998246562641396,0.017819908574424618,-0.005753919072606565,-0.017605032506668825,-0.9992162486287144,-0.035453509090049885,-0.0063811877212703655,-0.0353459946070027,0.9993547623884661,0.000762939453125,11.2298583984375,0.008567702025175095
1738727027.2961712,-0.020294189453125,0.04486083984375,-0.135650634765625,1.1814390142398028,-0.5829270055230589,0.6460251368576871,-0.0102161493128285,0.0106923295428382,0.0007777157116435,-0.9998249348944007,0.017809587950242383,-0.005737433263229137,-0.017595271058962615,-0.999216254328159,-0.03545819401443932,-0.00636443239959852,-0.0353510348285106,0.9993546909565114,0.000762939453125,11.2298583984375,0.008567702025175095
1738727027.3039937,-0.020294189453125,0.043792724609375,-0.13458251953125,1.181336066103177,-0.5828192589182557,0.6460329738989135,-0.0102161493128285,0.0106923295428382,0.0007777157116435,-0.999825216753215,0.017799133407483018,-0.005720733722980639,-0.017585383108636003,-0.9992162599747211,-0.035462939853504,-0.0063474597524620395,-0.035356140231554756,0.9993546182925347,0.000762939453125,11.2298583984375,0.008567702025175095
1738727027.3149028,-0.01922607421875,0.043792724609375,-0.135650634765625,1.1820857860414664,-0.583612465531225,0.6460070680939493,-0.0104763758080644,0.0107232411043676,0.0009498583655446,-0.9998226484517929,0.01796144946425604,-0.005661976332115223,-0.01774980963320459,-0.9992140953967874,-0.03544200640997466,-0.006294116365897133,-0.035335221713223536,0.9993556955387055,0.000762939453125,11.2298583984375,0.008567702025175095
1738727027.3261652,-0.01922607421875,0.043792724609375,-0.135650634765625,1.181974820268907,-0.5834988849614475,0.6460171289937572,-0.0104763758080644,0.0107232411043676,0.0009498583655446,-0.9998225963888523,0.01796993700541114,-0.005644210686691749,-0.017758997235621136,-0.9992143694737692,-0.03542967477021604,-0.006276445446222791,-0.03532315389598779,0.9993562332979172,0.000762939453125,11.21978759765625,0.008560018613934517
1738727027.3362432,-0.020294189453125,0.043792724609375,-0.13458251953125,1.1818752108877242,-0.5833969283850272,0.6460261602470967,-0.0104763758080644,0.0107232411043676,0.0009498583655446,-0.9998225493201099,0.01797755610133394,-0.005628263289817616,-0.01776724437913558,-0.9992146153081034,-0.03541860502406742,-0.006260582896838991,-0.03531232123922484,0.999356715627853,0.000762939453125,11.2298583984375,0.008567702025175095
1738727027.3445213,-0.01922607421875,0.04486083984375,-0.135650634765625,1.1817715785782308,-0.5832908540840228,0.6460355562460487,-0.0104763758080644,0.0107232411043676,0.0009498583655446,-0.9998225000150177,0.017985483092283663,-0.005611671912827887,-0.0177758244127033,-0.9992148708769286,-0.035407088059479445,-0.00624407960942077,-0.035301051207296485,0.9993572170417798,0.000762939453125,11.2298583984375,0.008567702025175095
1738727027.3549652,-0.018157958984375,0.045928955078125,-0.135650634765625,1.1822366152045662,-0.5837692956728919,0.6459833128779698,-0.0104554835197736,0.0105519284167407,0.0007676926935143,-0.9998232813792522,0.01790602970124777,-0.00572539189599209,-0.017692274783894995,-0.999215629086525,-0.03542753169769726,-0.006355267499941491,-0.03531997578648976,0.9993558474764862,0.000762939453125,11.2298583984375,0.008567702025175095
1738727027.3844085,-0.01922607421875,0.04486083984375,-0.13671875,1.1819240798911932,-0.5834538774286587,0.6460062607479644,-0.0104554835197736,0.0105519284167407,0.0007676926935143,-0.9998228046525711,0.017932177842178473,-0.0057268049122621715,-0.01771822245684382,-0.999214418580713,-0.03544869945960268,-0.006357978423714749,-0.03534094931158364,0.9993550887508001,0.000762939453125,11.2298583984375,0.008567702025175095
1738727027.3958774,-0.020294189453125,0.043792724609375,-0.13671875,1.1817714451380603,-0.5832841060024309,0.6460115845359855,-0.0104277403372138,0.0107207586593491,0.0009156348438017,-0.9998235407704591,0.017866927132097265,-0.005801744227242773,-0.01765021546479952,-0.9992148088285305,-0.03547161839850523,-0.006430957570080073,-0.03536295706836957,0.9993538432667942,0.000762939453125,11.21978759765625,0.008560018613934517
1738727027.4045072,-0.01922607421875,0.043792724609375,-0.13671875,1.1816664899315663,-0.5831762015665245,0.6460208004006884,-0.0104277403372138,0.0107207586593491,0.0009156348438017,-0.9998238238843637,0.01785648474124838,-0.005785079596201904,-0.01764033834324886,-0.9992148149563554,-0.03547635881642741,-0.006414020298107262,-0.03536805796791458,0.9993537716040269,0.029754638671875,11.2298583984375,0.3341403789818287
1738727027.4151707,-0.020294189453125,0.04486083984375,-0.135650634765625,1.1815632031635264,-0.5830700124520036,0.6460298697638163,-0.0104277403372138,0.0107207586593491,0.0009156348438017,-0.9998241021212192,0.01784620826481805,-0.005768679924099506,-0.01763061831171617,-0.9992148208624642,-0.03548102403736688,-0.006397352221391846,-0.035373077606597476,0.9993537007812565,0.000762939453125,11.2298583984375,0.008567702025175095
1738727027.4246202,-0.01922607421875,0.0469970703125,-0.135650634765625,1.181458769344049,-0.5829626440540303,0.6460390398467769,-0.0104277403372138,0.0107207586593491,0.0009156348438017,-0.9998243830683262,0.01783581757739214,-0.00575209817257987,-0.017620790411672284,-0.9992148267087931,-0.03548574122918131,-0.006380498985888581,-0.035378152815862075,0.9993536288701955,0.000762939453125,11.2298583984375,0.008567702025175095
1738727027.436918,-0.01922607421875,0.04486083984375,-0.135650634765625,1.1817804238603145,-0.5832945724783316,0.6460211611597122,-0.0102622219641947,0.0105229319169151,0.0011331365277737,-0.9998226412335599,0.01794281261651384,-0.005722023432051507,-0.017728853126375125,-0.9992132999413219,-0.035474906443814874,-0.006354041514791483,-0.0353671697451559,0.999354186192586,0.000762939453125,11.2298583984375,0.008567702025175095
1738727027.444404,-0.018157958984375,0.043792724609375,-0.135650634765625,1.1816961710179883,-0.5832081792072936,0.6460304642106053,-0.0102622219641947,0.0105229319169151,0.0011331365277737,-0.9998227058240039,0.017948212700596627,-0.005693731607790164,-0.017735222183962392,-0.99921302773694,-0.035479389719422265,-0.0063260424321130776,-0.03537211983513711,0.9993541886265929,0.000762939453125,11.21978759765625,0.008560018613934517
1738727027.4546165,-0.020294189453125,0.04486083984375,-0.13458251953125,1.1815943800383255,-0.5831038022456098,0.6460417037918242,-0.0102622219641947,0.0105229319169151,0.0011331365277737,-0.999822782756439,0.017954736682634056,-0.005659550496998886,-0.017742917196274265,-0.9992126987948123,-0.03548480599571937,-0.006292215073959273,-0.03537810054037612,0.9993541904808415,0.000762939453125,11.2298583984375,0.008567702025175095
1738727027.465245,-0.01922607421875,0.043792724609375,-0.13671875,1.1814911420853658,-0.5829979415505256,0.6460531031452936,-0.0102622219641947,0.0105229319169151,0.0011331365277737,-0.9998228595494124,0.017961353194140904,-0.005624883454032816,-0.017750721780634266,-0.9992123650923725,-0.03549029899527237,-0.006257906894692834,-0.035384166486475827,0.9993541911471402,0.000762939453125,11.21978759765625,0.008560018613934517
1738727027.475058,-0.018157958984375,0.04486083984375,-0.135650634765625,1.1821084889555886,-0.5836439053724355,0.6459956992406346,-0.0102933088426553,0.010308390159032,0.0014073767833993,-0.9998227047030617,0.017911138436118378,-0.005809499133017155,-0.017694282545345746,-0.9992148936846031,-0.035447265114148245,-0.00643983893119983,-0.03533818556164764,0.9993546623275197,0.000762939453125,11.21978759765625,0.008560018613934517
1738727027.4846992,-0.01922607421875,0.043792724609375,-0.135650634765625,1.1820054220541472,-0.5835406874617731,0.6460097913043669,-0.0102933088426553,0.010308390159032,0.0014073767833993,-0.9998224765973442,0.017935171293761133,-0.005774506162117643,-0.0177194955850366,-0.9992142152661491,-0.03545379367946037,-0.0064058385059847095,-0.03534517846492393,0.9993546335472298,0.000762939453125,11.21978759765625,0.008560018613934517
1738727027.4955835,-0.020294189453125,0.04486083984375,-0.13458251953125,1.1819017993140282,-0.5834369128980422,0.6460239593664453,-0.0102933088426553,0.010308390159032,0.0014073767833993,-0.999822245449969,0.01795933350251754,-0.005739324309291075,-0.017744844811443394,-0.9992135325320167,-0.0354603565620285,-0.006371654887049267,-0.03535220990311296,0.9993546033660757,0.000762939453125,11.2298583984375,0.008567702025175095
1738727027.5042381,-0.01922607421875,0.043792724609375,-0.135650634765625,1.1817988662256014,-0.5833338289964518,0.6460380331342793,-0.0102933088426553,0.010308390159032,0.0014073767833993,-0.9998220140427093,0.01798333464591059,-0.005704376442130702,-0.017770025539853504,-0.9992128536895802,-0.03546687488119749,-0.006337698943094249,-0.03535919536045405,0.9993545721492286,0.000762939453125,11.2298583984375,0.008567702025175095
1738727027.5138187,-0.01922607421875,0.042724609375,-0.135650634765625,1.1818939150068275,-0.5834262551930024,0.6459993283521218,-0.0100482269119021,0.0102078778537558,0.0005709597396343,-0.9998188703399008,0.018164334279154096,-0.005681854665498663,-0.017951948122894464,-0.9992109302819786,-0.035429427932382206,-0.006320923258322909,-0.03532101025194645,0.9993560287324754,0.000762939453125,11.2298583984375,0.008567702025175095
1738727027.5251727,-0.020294189453125,0.04486083984375,-0.135650634765625,1.1817930910979937,-0.5833238293466178,0.6460050573621493,-0.0100482269119021,0.0102078778537558,0.0005709597396343,-0.9998180812101168,0.018207798789039262,-0.005681597361493548,-0.017995453755394814,-0.9992104753386343,-0.03542018658446279,-0.006322035230660824,-0.03531150006440638,0.9993563577792177,0.000762939453125,11.2298583984375,0.008567702025175095
1738727027.5371227,-0.020294189453125,0.04486083984375,-0.135650634765625,1.1816928600345475,-0.5832220057650265,0.6460107526855522,-0.0100482269119021,0.0102078778537558,0.0005709597396343,-0.9998172948451783,0.01825100769552975,-0.005681341968890669,-0.018038703550862716,-0.9992100211088029,-0.035410999561572815,-0.00632314025416624,-0.03530204574586763,0.999356684804521,0.000762939453125,11.2298583984375,0.008567702025175095
1738727027.5445418,-0.018157958984375,0.04486083984375,-0.13458251953125,1.1815832640236197,-0.5831106684412756,0.6460169801434323,-0.0100482269119021,0.0102078778537558,0.0005709597396343,-0.9998164328674304,0.01829825372870334,-0.005681063168732712,-0.018085994302733062,-0.9992095222002391,-0.03540095414605971,-0.0063243480556215825,-0.03529170801831373,0.9993570422860998,0.000762939453125,11.2298583984375,0.008567702025175095
1738727027.5544636,-0.018157958984375,0.043792724609375,-0.13458251953125,1.1817856596692735,-0.5833534825533615,0.6460237602190833,-0.0104402374196097,0.0104563585084913,0.0010069947197123,-0.999822919097576,0.017940145554072463,-0.005681692063159522,-0.017728464133777252,-0.999218075150029,-0.03534034313540863,-0.006311260306725551,-0.03523335736159335,0.9993591839385731,0.000762939453125,11.2298583984375,0.008567702025175095
1738727027.5659008,-0.020294189453125,0.04486083984375,-0.13458251953125,1.182045377235005,-0.5835677960153195,0.6459771780816532,-0.010282296264507,0.01038478134124,0.0004285317880838,-0.9998211133188937,0.017987381777355763,-0.00584768830935957,-0.017769091640626504,-0.9992133563895149,-0.03545317750311366,-0.00648079810168377,-0.03534292729240062,0.9993542298636501,0.000762939453125,11.2298583984375,0.008567702025175095
1738727027.5743785,-0.01922607421875,0.04486083984375,-0.135650634765625,1.1819456286789431,-0.5834670532515281,0.6459813352685294,-0.010282296264507,0.01038478134124,0.0004285317880838,-0.9998203656920146,0.018023581293829614,-0.005864031448657553,-0.01780456009457905,-0.9992120077070832,-0.03547338853025157,-0.006498768139013183,-0.035362609792326916,0.9993534168858136,0.000762939453125,11.2298583984375,0.008567702025175095
