time,rate_roll,rate_pitch,rate_yaw,pos_x,pos_y,pos_z,vel_x,vel_y,vel_z,R11,R12,R13,R21,R22,R23,R31,R32,R33,current,voltage,energy
1738005661.021418,0.001068115234375,-0.001068115234375,0.0,1.4856068688142108,-0.4245855564594084,0.6669959517494266,-0.0051337075911798,-0.0003853947299416,-0.0018263115584685,-0.9987073150217237,-0.04881550472437118,-0.014168465711025232,0.048540147074708245,-0.9986372894621276,0.01916815634588744,-0.015084861420155488,0.018455638548681732,0.9997158778181405,0.000762939453125,12.1197509765625,0.009246636182069778
1738005661.0306363,-0.001068115234375,-0.00213623046875,0.0,1.4855549208270955,-0.4245894562686806,0.6669774713027664,-0.0051337075911798,-0.0003853947299416,-0.0018263115584685,-0.998706113257571,-0.04882974895915953,-0.014204047259188876,0.04855377582357092,-0.9986366805961235,0.019165359929582612,-0.0151205223200203,0.01845090199804578,0.9997154265190812,0.000762939453125,12.10968017578125,0.0092389527708292
1738005661.0409622,-0.001068115234375,-0.001068115234375,-0.001068115234375,1.485503845570271,-0.4245932905608489,0.6669593013290712,-0.0051337075911798,-0.0003853947299416,-0.0018263115584685,-0.9987049302559386,-0.048843753716031314,-0.014239031055811677,0.04856717569639075,-0.9986360817564248,0.019162610966434134,-0.015155584032184456,0.018446244525720315,0.9997149815500118,0.000762939453125,12.1197509765625,0.009246636182069778
1738005661.052617,-0.001068115234375,-0.001068115234375,-0.001068115234375,1.4855001862522,-0.4246772848424397,0.6670113934491899,-0.005371879098741,-0.0001604925513442,-0.0016388311043963,-0.9987074529385918,-0.04890428932141444,-0.01384896858534221,0.048632942295559145,-0.9986303203284429,0.01929560168505244,-0.014773637622035412,0.018597145121732366,0.999717903123043,0.000762939453125,12.1197509765625,0.009246636182069778
1738005661.0620947,-0.001068115234375,-0.00213623046875,-0.001068115234375,1.4854446356504398,-0.4246789444959131,0.6669944462967393,-0.005371879098741,-0.0001604925513442,-0.0016388311043963,-0.9987059339146726,-0.048935487853971,-0.013848306471033385,0.04866393042302962,-0.998628522571148,0.019310509655337784,-0.014774283041973306,0.018611607557119263,0.9997176244443906,0.000762939453125,12.1197509765625,0.009246636182069778
1738005661.0732605,-0.001068115234375,0.0,0.0,1.4853914486754831,-0.424680533532664,0.6669782202299748,-0.005371879098741,-0.0001604925513442,-0.0016388311043963,-0.9987044786166238,-0.04896535886432921,-0.013847672092636005,0.04869359998104744,-0.9986268001971439,0.019324783282081263,-0.01477490142043088,0.018625454606562685,0.9997173574209439,0.000762939453125,12.1197509765625,0.009246636182069778
1738005661.0812097,-0.001068115234375,-0.001068115234375,-0.001068115234375,1.485338772029041,-0.4246821073226225,0.6669621498521651,-0.005371879098741,-0.0001604925513442,-0.0016388311043963,-0.9987030364074048,-0.04899494321105984,-0.013847043380265453,0.048722984808567446,-0.9986250932793751,0.01933891993115277,-0.014775514271051206,0.0186391687718217,0.9997170927645088,0.000762939453125,12.1197509765625,0.009246636182069778
1738005661.0910137,0.0,-0.001068115234375,-0.001068115234375,1.4857532797672437,-0.4247875396129432,0.6673491389763924,-0.0047371925269046,-0.0001286838677064,-0.0006291045132573,-0.9987338324577917,-0.048419011923251425,-0.013650318258115227,0.04815230524322593,-0.9986548100630883,0.019233456205794103,-0.014563220932712447,0.018551809136389895,0.99972183279842,0.000762939453125,12.1197509765625,0.009246636182069778
1738005661.1016388,0.0,-0.001068115234375,-0.001068115234375,1.485705794149354,-0.424788829540033,0.6673428328327515,-0.0047371925269046,-0.0001286838677064,-0.0006291045132573,-0.9987351470442574,-0.04839693703392983,-0.013632407865796503,0.04813043314979521,-0.9986556905847956,0.01924248080206776,-0.014545358823304882,0.018562008197893977,0.9997219035253567,0.000762939453125,12.12982177734375,0.009254319593310356
1738005661.1104012,-0.001068115234375,-0.001068115234375,0.0,1.485658422224085,-0.4247901163787101,0.6673365417876189,-0.0047371925269046,-0.0001286838677064,-0.0006291045132573,-0.9987364576826423,-0.048374914792090475,-0.013614540549924233,0.04810861356115929,-0.9986565684248423,0.019251484180222413,-0.014527539253107737,0.018572182445159725,0.999721973671917,0.000762939453125,12.12982177734375,0.009254319593310356
1738005661.1201153,-0.001068115234375,0.0,-0.001068115234375,1.4856110408244307,-0.4247914034747549,0.6673302494842773,-0.0047371925269046,-0.0001286838677064,-0.0006291045132573,-0.9987377677832464,-0.04835288794060183,-0.013596669854851792,0.04808678974595371,-0.9986574458675033,0.01926048974774967,-0.014509715892004017,0.018582358332524203,0.9997220434218378,0.000762939453125,12.12982177734375,0.009254319593310356
1738005661.129921,0.0,-0.001068115234375,-0.001068115234375,1.4859330095182848,-0.4247939638734707,0.6673892675263369,-0.0045988182477112,-0.0002144609863999,-0.0008086232772678,-0.9987258038480081,-0.04856496369760268,-0.013719075377022705,0.04829925422871473,-0.998650707723038,0.019077368928265233,-0.014627056064016406,0.01839043950876899,0.9997238823623124,0.000762939453125,12.1197509765625,0.009246636182069778
1738005661.141045,-0.001068115234375,-0.00213623046875,-0.001068115234375,1.4858869799464434,-0.4247961104134836,0.6673811740159546,-0.0045988182477112,-0.0002144609863999,-0.0008086232772678,-0.9987258886572649,-0.048562888365469674,-0.013720247787839566,0.04829749967120488,-0.9986512390624777,0.01905398237870949,-0.014627058872745093,0.01836705182061447,0.9997243122762156,0.000762939453125,12.1197509765625,0.009246636182069778
1738005661.1506262,-0.001068115234375,-0.00213623046875,-0.001068115234375,1.4856777640126384,-0.4247909085294779,0.6673530657084968,-0.0056426642927695,8.132899018838493e-05,-0.000863836549473,-0.9987134875587563,-0.04875921351824718,-0.013925116348087387,0.04848802639695439,-0.99863939823673,0.019190195035745112,-0.014841868627435143,0.01849030520201501,0.99971887425875,0.000762939453125,12.1197509765625,0.009246636182069778
1738005661.1599097,0.0,-0.001068115234375,0.0,1.485621574361611,-0.4247900986553936,0.6673444636241372,-0.0056426642927695,8.132899018838493e-05,-0.000863836549473,-0.9987106276777479,-0.04880781006618289,-0.013959936964837539,0.048535971732390264,-0.9986370643828062,0.0191904426442849,-0.014877553949202614,0.018488139912776282,0.9997183838817081,0.000762939453125,12.1197509765625,0.009246636182069778
1738005661.1698627,0.0,-0.001068115234375,-0.001068115234375,1.4855654862785408,-0.4247892902452311,0.6673358770888355,-0.0056426642927695,8.132899018838493e-05,-0.000863836549473,-0.9987077693987015,-0.04885631858237817,-0.013994694610723673,0.04858383028024523,-0.9986347324202747,0.01919069147234675,-0.014913174644272595,0.01848597680577484,0.9997178931496454,0.000762939453125,12.1197509765625,0.009246636182069778
1738005661.1816182,0.001068115234375,0.0,0.0,1.4855089298543342,-0.4247884750847625,0.6673272188551,-0.0056426642927695,8.132899018838493e-05,-0.000863836549473,-0.9987048836436714,-0.04890523195817387,-0.01402974245658157,0.04863208832821557,-0.9986323786312679,0.01919094406465612,-0.014949092651978487,0.018483793884734007,0.9997173970640449,0.000762939453125,12.12982177734375,0.009254319593310356
1738005661.1905684,-0.001068115234375,0.0,0.0,1.4854327594728916,-0.4248955546534687,0.6675212311085292,-0.0058251865265775,-0.0006059764040028,-0.0002873562551869,-0.9987260203732204,-0.048539935014719135,-0.013791698163628144,0.048272008843448386,-0.9986508763256807,0.019137407770336203,-0.014702019986648827,0.018447274127006592,0.9997217356272671,0.000762939453125,12.1197509765625,0.009246636182069778
1738005661.2004359,-0.001068115234375,0.0,0.0,1.485374490132066,-0.4249016162354379,0.6675183566839087,-0.0058251865265775,-0.0006059764040028,-0.0002873562551869,-0.9987261797599559,-0.04853656121795747,-0.013792029844070205,0.048268717636745104,-0.9986511506543896,0.0191313929019266,-0.01470199849640955,0.018441299352246903,0.9997218461744308,0.000762939453125,12.1197509765625,0.009246636182069778
1738005661.2125163,-0.001068115234375,-0.00213623046875,-0.001068115234375,1.485316180014935,-0.424907682059242,0.6675154802477942,-0.0058251865265775,-0.0006059764040028,-0.0002873562551869,-0.9987263392470875,-0.04853318505772096,-0.013792361736277037,0.048265424126220584,-0.9986514251279383,0.019125373822587922,-0.014701977010842863,0.018435320395661647,0.9997219567629201,0.000762939453125,12.12982177734375,0.009254319593310356
1738005661.2211719,0.0,-0.001068115234375,-0.00213623046875,1.4852579339748555,-0.4249137412173056,0.6675126069725986,-0.0058251865265775,-0.0006059764040028,-0.0002873562551869,-0.9987264985478321,-0.048529812605026895,-0.013792693243451832,0.04826213423427014,-0.9986516992527966,0.019119361355840858,-0.014701955568572489,0.01842934800862209,0.999722067193896,0.000762939453125,12.1197509765625,0.009246636182069778
1738005661.231113,0.001068115234375,-0.00213623046875,-0.001068115234375,1.4855000500886242,-0.4250167148297868,0.6675600303606584,-0.0058488386641277,-0.0008146254940973,-0.0002508413413929,-0.9987273282926409,-0.048528060739056564,-0.013738669598981639,0.04826042757386731,-0.9986505373601057,0.019184247724628165,-0.014651104116449822,0.018496798406179113,0.9997215680362658,0.000762939453125,12.1197509765625,0.009246636182069778
1738005661.239912,0.001068115234375,-0.001068115234375,0.0,1.485439263108388,-0.4250251812325469,0.6675574233665973,-0.0058488386641277,-0.0008146254940973,-0.0002508413413929,-0.9987275715028806,-0.04852321195326423,-0.013738115653064507,0.048255416649333985,-0.9986505529730724,0.01919603632461025,-0.014651030132982516,0.018508672246143713,0.9997213493607743,0.000762939453125,12.1197509765625,0.009246636182069778
1738005661.250649,0.001068115234375,0.0,-0.001068115234375,1.4853825937105711,-0.4250330741389593,0.6675549929648406,-0.0058488386641277,-0.0008146254940973,-0.0002508413413929,-0.9987277982166669,-0.04851869160705412,-0.013737599281834151,0.04825074515403831,-0.9986505673804762,0.019207026389659664,-0.014650961107337743,0.018519741774458136,0.9997211453716675,0.000762939453125,12.1197509765625,0.009246636182069778
1738005661.2609158,0.001068115234375,0.0,-0.001068115234375,1.4853242690914126,-0.4250411975843864,0.6675524915749842,-0.0058488386641277,-0.0008146254940973,-0.0002508413413929,-0.9987280315303261,-0.04851403922181045,-0.013737067880183354,0.04824593721165786,-0.9986505820595939,0.01921833745679129,-0.014650890011494019,0.018531134623087087,0.9997209352971719,0.000762939453125,12.1197509765625,0.009246636182069778
1738005661.2720194,-0.001068115234375,0.0,-0.001068115234375,1.485510607267532,-0.4250269138121113,0.6675787144073291,-0.0057146637145618,-0.0005863330985744,1.966375864326632e-05,-0.9987311751422213,-0.04850652252774373,-0.013533553535684946,0.04824307011373065,-0.9986518852237674,0.01915772233375238,-0.014444583242150972,0.018480514367326915,0.9997248744548071,0.000762939453125,12.1197509765625,0.009246636182069778
1738005661.2865496,-0.003204345703125,-0.001068115234375,-0.001068115234375,1.4854530148866163,-0.4250328228770788,0.6675789125786887,-0.0057146637145618,-0.0005863330985744,1.966375864326632e-05,-0.9987318866389996,-0.0485018144614224,-0.013497874071656887,0.04823888166521277,-0.998651900776223,0.019167456057769303,-0.01440933399550964,0.018492027200571456,0.9997251702462128,0.000762939453125,12.12982177734375,0.009254319593310356
1738005661.2911704,-0.001068115234375,-0.00213623046875,-0.001068115234375,1.485396079572327,-0.4251237757162699,0.6677206531872016,-0.0057868515438454,-0.0005263393159461,-0.0004543700241602,-0.998725093265424,-0.04854146585802313,-0.013853309147073618,0.04827278684639121,-0.9986513366569124,0.019111406108525922,-0.014762321363962326,0.018418303008597103,0.999721381176891,0.000762939453125,12.1197509765625,0.009246636182069778
1738005661.3010607,0.0,-0.001068115234375,-0.001068115234375,1.4853376323717342,-0.4251290917433609,0.6677160640499576,-0.0057868515438454,-0.0005263393159461,-0.0004543700241602,-0.9987234244195142,-0.04855558360989728,-0.013923965529294275,0.04828561918815981,-0.998650738385891,0.01911025120008996,-0.014833087857041532,0.01841352822293441,0.9997204216594799,0.000762939453125,12.1197509765625,0.009246636182069778
1738005661.3129063,0.0,-0.001068115234375,-0.00213623046875,1.485276754693493,-0.4251346288329647,0.6677112840773034,-0.0057868515438454,-0.0005263393159461,-0.0004543700241602,-0.9987216806647679,-0.04857028806835241,-0.013997560040905273,0.04829898522959419,-0.9986501150369346,0.019109049230895934,-0.014906796970943395,0.01840855381812014,0.9997194169117615,0.000762939453125,12.1197509765625,0.009246636182069778
1738005661.320579,0.0,-0.001068115234375,-0.001068115234375,1.4852485551726562,-0.4251592583538254,0.6677314040813109,-0.0053077018666075,-0.000572058988796,-0.0002721694140971,-0.9987308559743424,-0.048411383691101165,-0.01389299297740832,0.04814270910593994,-0.9986585531397548,0.019062366084837846,-0.014797191784192688,0.018369326877284136,0.9997217667658223,0.000762939453125,12.1197509765625,0.009246636182069778
1738005661.3307142,0.0,0.0,0.0,1.4851994801611976,-0.4251645476112358,0.6677288876029082,-0.0053077018666075,-0.000572058988796,-0.0002721694140971,-0.9987305566076479,-0.04840822263679074,-0.0139254902723364,0.048139011019669435,-0.9986588083402657,0.01905833524861859,-0.014829393656727157,0.018363782441193695,0.9997213914777588,0.000762939453125,12.1197509765625,0.009246636182069778
1738005661.3407705,-0.001068115234375,-0.001068115234375,-0.001068115234375,1.4851464933734633,-0.425170258476121,0.6677261705356472,-0.0053077018666075,-0.000572058988796,-0.0002721694140971,-0.9987302321901174,-0.04840480941140387,-0.013960577900641426,0.04813501830355508,-0.998659083844722,0.019053982978285904,-0.014864162350789502,0.018357796171274445,0.9997209850740073,0.000762939453125,12.1197509765625,0.009246636182069778
1738005661.351501,0.0,-0.001068115234375,-0.001068115234375,1.4850860758031157,-0.4251767702235904,0.6677230724312065,-0.0053077018666075,-0.000572058988796,-0.0002721694140971,-0.9987298607712983,-0.04840091726356844,-0.014000586123019814,0.04813046583920105,-0.9986593979371822,0.01904902018074201,-0.014903806958102775,0.018350970540819325,0.9997205201546908,0.000762939453125,12.1197509765625,0.009246636182069778
1738005661.3610682,-0.001068115234375,-0.00213623046875,0.0,1.4854401285052874,-0.4251293714505448,0.6677399864670551,-0.0055726184796592,-0.0003052935966893,-0.0003254249770838,-0.9987242204646942,-0.048586205220244295,-0.01375907407804934,0.04831952850219026,-0.9986494274220361,0.019093042580100767,-0.014668149934976988,0.0184038520950323,0.999723033447539,0.000762939453125,12.1197509765625,0.009246636182069778
1738005661.370847,-0.001068115234375,-0.001068115234375,0.0,1.4853848425573508,-0.4251324002683176,0.6677367579258575,-0.0055726184796592,-0.0003052935966893,-0.0003254249770838,-0.998721388986661,-0.04863455905955663,-0.013793724864484016,0.0483672379475428,-0.9986471139778669,0.01909324584776779,-0.0147036551197436,0.018401668640643007,0.9997225520700029,0.000762939453125,12.1197509765625,0.009246636182069778
1738005661.3811245,0.0,-0.00213623046875,0.0,1.4853290439285138,-0.4251354571731012,0.6677334994455619,-0.0055726184796592,-0.0003052935966893,-0.0003254249770838,-0.9987185276603914,-0.048683361105649074,-0.013828696949357141,0.048415389694086736,-0.9986447767377417,0.01909345267875492,-0.014739489429078101,0.01839946319551491,0.9997220649788054,0.000762939453125,12.1197509765625,0.009246636182069778
1738005661.3914938,0.0,-0.00213623046875,0.0,1.4852732843080063,-0.4251385119408297,0.6677302432432413,-0.0055726184796592,-0.0003052935966893,-0.0003254249770838,-0.99871566473046,-0.04873212884292293,-0.013863644558061538,0.048463507656725795,-0.9986424387804343,0.019093661049492644,-0.014775298562194644,0.018397257542992398,0.9997215769739567,0.000762939453125,12.1197509765625,0.009246636182069778
1738005661.400949,0.0,-0.001068115234375,0.0,1.4853278121139366,-0.4252369835542613,0.66774498014918,-0.0055953565408171,-0.0017284369284516,-0.0002728890521639,-0.9987482899159711,-0.04812463045739967,-0.013633537078176926,0.04786132596064112,-0.9986728384688089,0.01902249147565452,-0.014530893544877615,0.01834616166915598,0.9997260982313089,0.000762939453125,12.1197509765625,0.009246636182069778
1738005661.410842,-0.001068115234375,-0.001068115234375,-0.001068115234375,1.4852716850924756,-0.4252543215050905,0.6677422427990978,-0.0055953565408171,-0.0017284369284516,-0.0002728890521639,-0.9987514984868499,-0.04805783967694785,-0.013634086542801009,0.047794698684454615,-0.998676250166074,0.019010895083909265,-0.014529660971062033,0.018335522894479712,0.9997263113233801,0.000762939453125,12.1197509765625,0.009246636182069778
1738005661.420528,-0.00213623046875,-0.00213623046875,-0.001068115234375,1.4852148530560907,-0.4252718772389728,0.667739471064995,-0.0055953565408171,-0.0017284369284516,-0.0002728890521639,-0.9987547428204647,-0.04799020970899147,-0.013634642119048256,0.047727234267136986,-0.9986797000514694,0.018999152989454326,-0.014528413638017372,0.01832475039922473,0.9997265269662343,0.000762939453125,12.1197509765625,0.009246636182069778
1738005661.4302964,0.0,-0.00213623046875,-0.001068115234375,1.4851598115337987,-0.425288879873038,0.6677367866553888,-0.0055953565408171,-0.0017284369284516,-0.0002728890521639,-0.9987578805851308,-0.047924710232915266,-0.01363517943367609,0.04766189511885438,-0.9986830367709894,0.018987780795924173,-0.014527206296351756,0.01831431721265765,0.9997267356944383,0.000762939453125,12.1197509765625,0.009246636182069778
1738005661.4403453,-0.001068115234375,-0.001068115234375,-0.001068115234375,1.4855078083723214,-0.4253010737677226,0.6678673877066178,-0.005560867875897,-0.0014204925094379,-0.0001077775485591,-0.9987451099337592,-0.04819848929274461,-0.01360555082680049,0.04793557912372559,-0.9986691279193153,0.019030323038444187,-0.014504676400268684,0.018354252116925922,0.9997263304483642,0.000762939453125,12.1197509765625,0.009246636182069778
1738005661.4507399,-0.001068115234375,-0.001068115234375,0.0,1.4854515157068138,-0.4253154534133956,0.6678662966744938,-0.005560867875897,-0.0014204925094379,-0.0001077775485591,-0.998745881343952,-0.04817741272999143,-0.013623560516124584,0.04791427254067496,-0.9986702802350153,0.019023508146865507,-0.014521948402000724,0.01834688741885107,0.9997262148891813,0.000762939453125,12.12982177734375,0.009254319593310356
1738005661.4598544,0.0,-0.001068115234375,0.0,1.4853727801319163,-0.4253401715468353,0.6679170883864342,-0.0052744249028874,-0.0013092065136525,0.0002942566151153,-0.9987443325839265,-0.04823894679404004,-0.013518954977691887,0.047977274149876625,-0.9986666640107716,0.019054536434771983,-0.014420100437745437,0.018382007665057893,0.9997270439962935,0.000762939453125,12.1197509765625,0.009246636182069778
1738005661.47129,0.0,-0.001068115234375,0.0,1.485317941936201,-0.4253537833669577,0.6679201477724614,-0.0052744249028874,-0.0013092065136525,0.0002942566151153,-0.9987445016504312,-0.048235368246370536,-0.013519233453453974,0.04797378153979427,-0.9986669518558293,0.019048242852263524,-0.014420010672813463,0.01837575906251884,0.9997271601647482,0.000762939453125,12.1197509765625,0.009246636182069778
1738005661.4819183,0.0,-0.001068115234375,0.0,1.4852638843553712,-0.4253672014245162,0.6679231636085098,-0.0052744249028874,-0.0013092065136525,0.0002942566151153,-0.9987446682980512,-0.04823184063658511,-0.013519507943075557,0.04797033864543885,-0.9986672355526801,0.019042038856430465,-0.014419922207062782,0.01836959940703521,0.9997272746410231,0.000762939453125,12.1197509765625,0.009246636182069778
1738005661.4908612,-0.001068115234375,0.0,0.0,1.4852144102497822,-0.4253794817816142,0.6679259237355596,-0.0052744249028874,-0.0013092065136525,0.0002942566151153,-0.9987448208051724,-0.048228612126460686,-0.013519759139856417,0.04796718766883203,-0.9986674951510516,0.019036360888241892,-0.01441984126082429,0.018363962020210838,0.9997273793774646,0.000762939453125,12.1197509765625,0.009246636182069778
1738005661.4996564,-0.001068115234375,0.001068115234375,0.0,1.4850233867935347,-0.4254316207895883,0.6680696729043594,-0.0055202031839764,-0.0008926990321475,0.0004635770262539,-0.9987240052838937,-0.04862303941609413,-0.013644094240291489,0.04835915239367135,-0.998648395817362,0.019046624666201883,-0.014551757607336289,0.01836250444112828,0.9997254947140174,0.000762939453125,12.1197509765625,0.009246636182069778
1738005661.5096278,0.0,0.0,-0.001068115234375,1.484968090918241,-0.4254405629557933,0.6680743165554314,-0.0055202031839764,-0.0008926990321475,0.0004635770262539,-0.9987213896470974,-0.04867182250699496,-0.01366160880783073,0.04840761977536996,-0.9986460602387901,0.019045963279027963,-0.014570113556655303,0.01836028494850908,0.9997252681249763,0.000762939453125,12.1197509765625,0.009246636182069778
1738005661.519752,0.0,-0.001068115234375,-0.001068115234375,1.4849129937702616,-0.4254494729848332,0.6680789435177305,-0.0055202031839764,-0.0008926990321475,0.0004635770262539,-0.9987187807353939,-0.048720430123345766,-0.013679060457665312,0.04845591286851905,-0.9986437306973829,0.01904530511416437,-0.014588403424870378,0.01835807254069197,0.9997250420281089,0.000762939453125,12.1197509765625,0.009246636182069778
1738005661.5300405,0.0,-0.001068115234375,-0.001068115234375,1.484851553908824,-0.425459408725061,0.6680841031300326,-0.0055202031839764,-0.0008926990321475,0.0004635770262539,-0.9987158683398906,-0.048774633205723235,-0.013698521151775403,0.04850976528066485,-0.9986411302079427,0.019044572177341505,-0.01460879866769615,0.01835560439349049,0.9997247895240151,0.000762939453125,12.1197509765625,0.009246636182069778
1738005661.5399365,0.0,0.0,0.0,1.4854129889512095,-0.4254688711580133,0.6680409182646645,-0.0050957291559706,-0.0008179130911228,9.338418087337136e-05,-0.9987323661414034,-0.04843269543932059,-0.013708932638093292,0.04816566072226417,-0.9986551662486903,0.019181450726897354,-0.014619505763927306,0.01849683587218816,0.9997220299232861,0.000762939453125,12.1197509765625,0.009246636182069778
1738005661.5498037,-0.001068115234375,-0.00213623046875,0.0,1.485320798828942,-0.4254809447472475,0.6680641199777694,-0.00518442373442,-0.0011764930119018,0.0002476472568999,-0.9987385579522607,-0.04829770624531058,-0.013734060975559216,0.04803082995825364,-0.998662463046755,0.01913959965386767,-0.014640089923221631,0.018455797810734014,0.9997224871404111,0.000762939453125,12.1197509765625,0.009246636182069778
1738005661.559938,0.0,-0.00213623046875,-0.001068115234375,1.4852690168046827,-0.4254926955594504,0.6680665934785713,-0.00518442373442,-0.0011764930119018,0.0002476472568999,-0.9987383157919315,-0.04829296606574658,-0.013768296832530615,0.048025268048007067,-0.9986624821901112,0.019152553218900192,-0.014674815092978022,0.018467162599012907,0.9997217681472823,0.000762939453125,12.1197509765625,0.009246636182069778
1738005661.5696626,0.0,-0.00213623046875,-0.001068115234375,1.4852172140427282,-0.4255044510776254,0.6680690679699622,-0.00518442373442,-0.0011764930119018,0.0002476472568999,-0.9987380723183814,-0.04828822437598654,-0.013802546445413616,0.04801970345884953,-0.9986625011674425,0.01916551177797965,-0.01470955408867225,0.01847853210084887,0.9997210475277142,0.000762939453125,12.1197509765625,0.009246636182069778
1738005661.579903,0.001068115234375,-0.00213623046875,0.0,1.485165255748062,-0.4255162418905907,0.6680715498907709,-0.00518442373442,-0.0011764930119018,0.0002476472568999,-0.9987378268918584,-0.04828346883975757,-0.013836898934681478,0.04801412170896779,-0.9986625200272419,0.01917850904932811,-0.014744397303547506,0.018489935901427314,0.9997203233997578,0.000762939453125,12.1197509765625,0.009246636182069778
1738005661.5896344,0.0,-0.00213623046875,-0.001068115234375,1.485113961163705,-0.4255111821704267,0.6681124933275382,-0.0052493697564884,-0.0009784065385246,0.0007413090306303,-0.9987407660300426,-0.048288786967934046,-0.013604239151430267,0.048025723292678395,-0.9986645726913979,0.019042088995773046,-0.014505591057896016,0.018364757125356602,0.9997261242579328,0.000762939453125,12.1197509765625,0.009246636182069778
1738005661.5995014,0.0,-0.001068115234375,-0.001068115234375,1.485059593441137,-0.4255213155269463,0.6681201710651685,-0.0052493697564884,-0.0009784065385246,0.0007413090306303,-0.9987409358486589,-0.048285200181871,-0.013604503061176682,0.04802222315432944,-0.9986648608642822,0.019035802011991308,-0.014505486667489177,0.0183585162341784,0.9997262403969492,0.000762939453125,12.1197509765625,0.009246636182069778
1738005661.609806,-0.001068115234375,-0.001068115234375,-0.001068115234375,1.485008931773617,-0.4255307581284496,0.6681273254386231,-0.0052493697564884,-0.0009784065385246,0.0007413090306303,-0.9987410940800341,-0.04828185789227659,-0.013604748960806856,0.04801896160687637,-0.9986651293467848,0.019029943588115997,-0.014505389412694173,0.018352700761456123,0.9997263485838245,0.000762939453125,12.1197509765625,0.009246636182069778
1738005661.6225019,0.001068115234375,-0.00213623046875,-0.001068115234375,1.4849566008065147,-0.4255405118632321,0.6681347155483495,-0.0052493697564884,-0.0009784065385246,0.0007413090306303,-0.9987412575136718,-0.04827840547233926,-0.013605002942232006,0.048015592590436675,-0.9986654066285137,0.01902389212792193,-0.014505288973300107,0.018346693668179283,0.9997264602996397,0.000762939453125,12.1197509765625,0.009246636182069778
1738005661.6296477,0.0,-0.001068115234375,-0.001068115234375,1.4849450269650115,-0.4256107988734341,0.6682982935482731,-0.005414441428059,-0.0013574080758233,0.0011376871879455,-0.9987507201857917,-0.048091315263314484,-0.013572926162289629,0.04783002753646146,-0.998675523102358,0.018960169358238094,-0.014466768617207137,0.018287289369292206,0.9997281068637112,0.000762939453125,12.1197509765625,0.009246636182069778
1738005661.6400301,0.0,0.0,-0.001068115234375,1.4848906984597223,-0.4256244191060669,0.668309709101517,-0.005414441428059,-0.0013574080758233,0.0011376871879455,-0.998751723348592,-0.04807038387122603,-0.013573256893265915,0.047809202018358365,-0.9986766650379171,0.018952543658089783,-0.014466350976850268,0.018279959059499373,0.9997282469682437,0.000762939453125,12.1197509765625,0.009246636182069778
1738005661.6501572,0.001068115234375,-0.001068115234375,0.0,1.484836743550892,-0.4256379456775425,0.6683210461543448,-0.005414441428059,-0.0013574080758233,0.0011376871879455,-0.9987527191810278,-0.04804959639315823,-0.013573585191747598,0.047788519685580996,-0.9986777986333815,0.01894497038910318,-0.014465936359733898,0.018272679147781114,0.9997283860539313,0.000762939453125,12.12982177734375,0.009254319593310356
1738005661.6595068,-0.001068115234375,-0.00213623046875,-0.001068115234375,1.485110170681766,-0.4255836467615863,0.6682273924430402,-0.0050582695678537,-0.0011436567755645,0.000451232422643,-0.9987428663805638,-0.048191704830705305,-0.013792985153534195,0.047925909997949594,-0.9986703108435834,0.018992561450446265,-0.014689928686139863,0.018307643897856368,0.9997244801294531,0.000762939453125,12.1197509765625,0.009246636182069778
1738005661.6698418,0.0,-0.001068115234375,0.0,1.4850596689184004,-0.4255950650308336,0.6682318975475479,-0.0050582695678537,-0.0011436567755645,0.000451232422643,-0.9987425497018961,-0.04818822613953679,-0.01382802503904385,0.04792185482164678,-0.9986705891831712,0.01898815765130031,-0.014724647547855602,0.018301616378410084,0.9997240797302669,0.000762939453125,12.1197509765625,0.009246636182069778
1738005661.6826262,0.001068115234375,0.0,0.0,1.4850090761061827,-0.4256065038859027,0.6682364107742391,-0.0050582695678537,-0.0011436567755645,0.000451232422643,-0.9987422312180776,-0.048184740964180996,-0.013863128065149739,0.04791779248700902,-0.9986708679839081,0.018983745769454802,-0.014759429010226213,0.018295578112815358,0.9997236773613047,0.000762939453125,12.1197509765625,0.009246636182069778
1738005661.6915917,0.0,-0.001068115234375,0.0,1.4849584428278086,-0.4256179518902261,0.6682409276107898,-0.0050582695678537,-0.0011436567755645,0.000451232422643,-0.9987419112427136,-0.04818125278829105,-0.013898259135674686,0.04791372705615879,-0.9986711469668904,0.01897933021535619,-0.014794238298725828,0.018289535138608943,0.999723273419987,0.000762939453125,12.1197509765625,0.009246636182069778
1738005661.6997697,-0.001068115234375,-0.00213623046875,0.0,1.4852571234430694,-0.4255549026953534,0.6682418735184901,-0.0048146764605992,-0.0010015823137365,0.0006772487838919,-0.998742578604436,-0.0482389216760926,-0.013648007843262231,0.047975988261588456,-0.9986681803627893,0.01897814746489729,-0.014545316527524284,0.018299507272144345,0.9997267435658159,0.000762939453125,12.1197509765625,0.009246636182069778
1738005661.7099013,-0.001068115234375,-0.00213623046875,-0.001068115234375,1.485208890014287,-0.4255649365469724,0.6682486581968071,-0.0048146764605992,-0.0010015823137365,0.0006772487838919,-0.9987422660909607,-0.04823543303253866,-0.013683162048887636,0.04797192090232778,-0.9986684596928418,0.018973729724741793,-0.014580148436605439,0.018293458253983066,0.9997263468853246,0.000762939453125,12.1197509765625,0.009246636182069778
1738005661.7204313,0.0,-0.00213623046875,-0.001068115234375,1.485416028519633,-0.425596226914975,0.6683842768799229,-0.0048649595041616,-0.0008562646460305,0.001105834489808,-0.9987465069207532,-0.048235231605034866,-0.013370764585561355,0.04797792269421998,-0.9986688163558537,0.018939751116249657,-0.014266528924069346,0.018274508759654102,0.9997312181191762,0.058746337890625,12.1197509765625,0.7119909860193729
1738005661.7300231,0.0,-0.001068115234375,0.0,1.4853675346032955,-0.4256047621609666,0.6683952998381173,-0.0048649595041616,-0.0008562646460305,0.001105834489808,-0.9987460678171398,-0.048249092168832976,-0.013353543525395122,0.04799217371142937,-0.9986682337303482,0.01893436559166221,-0.014249325677138162,0.018269757600750888,0.9997315503048589,0.000762939453125,12.1197509765625,0.009246636182069778
1738005661.7400548,0.0,-0.00213623046875,-0.001068115234375,1.4853188606834564,-0.4256133290887502,0.6684063637121879,-0.0048649595041616,-0.0008562646460305,0.001105834489808,-0.9987456265869481,-0.048263004254051535,-0.01333625861393754,0.04800647752393744,-0.9986676487177967,0.018928959829086333,-0.014232058501429428,0.01826498904573659,0.9997318833997298,0.6744384765625,12.1197509765625,8.174026384949684
1738005661.7498548,0.00213623046875,-0.00213623046875,-0.003204345703125,1.4852693208008254,-0.4256220484316407,0.6684176244247976,-0.0048649595041616,-0.0008562646460305,0.001105834489808,-0.9987451769958269,-0.04827716392541043,-0.01331866625805347,0.04802103571136622,-0.9986670530663639,0.018923457637331196,-0.014214484049097677,0.018260135899363622,0.9997322220875721,3.13568115234375,12.1197509765625,38.00367470830679
1738005661.7596192,0.001068115234375,0.005340576171875,-0.008544921875,1.4854371179614592,-0.4255909627954207,0.6683788347187047,-0.0041876782893496,-0.0006976247411959,0.0009354119684321,-0.9987404633003318,-0.04830442957908654,-0.013570889789457117,0.04804324338114393,-0.998665394006171,0.0189546189600147,-0.014468370055354963,0.018278755360752765,0.999728239758387,3.223419189453125,12.1197509765625,39.067037869244814
1738005661.7702074,-0.0042724609375,-0.01068115234375,-0.022430419921875,1.4853960452127974,-0.4255978050988823,0.6683880092392912,-0.0041876782893496,-0.0006976247411959,0.0009354119684321,-0.9987385278283583,-0.048334873078093435,-0.013604891611776901,0.04807308248671886,-0.9986639835689893,0.018953275768124618,-0.014502819431707854,0.01827533766150586,0.9997278030853645,3.105926513671875,12.1197509765625,37.64305589720607
1738005661.7797074,0.008544921875,-0.0128173828125,0.0042724609375,1.4853540134858072,-0.4256048071584097,0.6683973979692184,-0.0041876782893496,-0.0006976247411959,0.0009354119684321,-0.998736545011055,-0.04836602721468761,-0.013639687344248858,0.048103618286837714,-0.9986625392534709,0.018951902266623143,-0.01453807301862859,0.018271839077594824,0.999727354997165,2.54974365234375,12.0599365234375,30.749746598303318
1738005661.7906222,-0.00213623046875,0.005340576171875,0.0299072265625,1.485311822627042,-0.4256118357276773,0.6684068222448003,-0.0041876782893496,-0.0006976247411959,0.0009354119684321,-0.9987345524941827,-0.04839729913168361,-0.013674614839292594,0.04813426969776464,-0.9986610885063693,0.01895052463486157,-0.014573459949769026,0.01826832614204089,0.9997269039718099,2.344512939453125,12.07977294921875,28.321183985099196
1738005661.7997487,0.003204345703125,0.003204345703125,0.0042724609375,1.4854819720977637,-0.4256136147435605,0.6685538804162597,-0.0045389749489013,-0.0003900375619626,0.0027406272876413,-0.9987670495780081,-0.04778299870662482,-0.01345978127026352,0.04752271693149415,-0.998688752493419,0.01903594018133157,-0.014351726470697719,0.018372824435585425,0.9997281966962668,1.9927978515625,12.08984375,24.09261465072632
1738005661.8149495,-0.01068115234375,-0.008544921875,-0.01708984375,1.4854365414975002,-0.4256175186295182,0.6685813113547817,-0.0045389749489013,-0.0003900375619626,0.0027406272876413,-0.9987729149847612,-0.04765559594753374,-0.01347621859901322,0.04739475240120063,-0.9986944756007277,0.01905470675230891,-0.014366688472709057,0.018392622963378697,0.9997276177453812,1.348114013671875,12.08984375,16.298487782478333
1738005661.8245451,-0.00640869140625,-0.018157958984375,0.008544921875,1.4853911335921113,-0.425621420565288,0.6686087285901673,-0.0045389749489013,-0.0003900375619626,0.0027406272876413,-0.9987787609068588,-0.047528256379702066,-0.013492650105332911,0.04726685074112791,-0.9987001791701922,0.019073461836854884,-0.014381640461907194,0.01841241350098715,0.9997270384693479,1.055145263671875,12.09991455078125,12.767167529091239
1738005661.8349242,-0.013885498046875,0.005340576171875,0.02777099609375,1.4853457483815973,-0.4256253205508701,0.6686361321224163,-0.0045389749489013,-0.0003900375619626,0.0027406272876413,-0.9987845873690179,-0.047400980005964106,-0.013509075785363216,0.047139011955021744,-0.9987058632267183,0.01909220543781749,-0.014396582441844075,0.018432196045227535,0.9997264588690976,1.055145263671875,12.09991455078125,12.767167529091239
1738005661.8457708,-0.00213623046875,0.01495361328125,0.009613037109375,1.4853432965089832,-0.4257262536863441,0.6687729447614725,-0.0020799829063541,-0.0012302256133007,0.0034361989411817,-0.9987014751067121,-0.04905275177955018,-0.013754677841781597,0.04878531169687412,-0.9986257258973573,0.019148183689713844,-0.014675046245794209,0.018452293050730095,0.9997220393183566,0.498199462890625,12.10968017578125,6.033036159351468
1738005661.8556838,-0.008544921875,-0.009613037109375,-0.025634765625,1.4853210448518508,-0.4257394146399552,0.6688097052177454,-0.0020799829063541,-0.0012302256133007,0.0034361989411817,-0.9986976223816881,-0.049121371863748084,-0.01378948423207035,0.04885310082130047,-0.9986221728317454,0.019160648969895066,-0.014711682069260143,0.018462035506061278,0.9997213209968396,0.70343017578125,12.10968017578125,8.518314454704523
1738005661.864939,-0.009613037109375,-0.016021728515625,-0.011749267578125,1.4853006235796762,-0.4257514929950267,0.6688434418189498,-0.0020799829063541,-0.0012302256133007,0.0034361989411817,-0.9986940813517703,-0.04918434746867397,-0.013821426736211073,0.04891531312047599,-0.9986189078276054,0.019172090953420835,-0.014745304855088438,0.01847097434574572,0.999720660530455,0.615692138671875,12.10968017578125,7.455834886059165
1738005661.8965812,0.005340576171875,0.001068115234375,-0.024566650390625,1.4850764973785768,-0.4257074632828519,0.6687682916347439,-0.0049468011690751,-0.0008325514516699,0.0028924195973274,-0.9987432832563103,-0.04811212907053767,-0.014038418240858755,0.047841656770425234,-0.9986741083764579,0.019005292314183103,-0.014934189896548697,0.018309786858034312,0.999720821868459,11.309814453125,11.89971923828125,134.5836166292429
1738005661.9050946,-0.016021728515625,-0.033111572265625,-0.0299072265625,1.4850276427702311,-0.4257156855609886,0.6687968571706872,-0.0049468011690751,-0.0008325514516699,0.0028924195973274,-0.9987435496234619,-0.04809131260277117,-0.014090696848268644,0.047819906699270595,-0.9986751784117138,0.01900380350363007,-0.014985947043824775,0.01830611035895037,0.9997201146894692,11.57379150390625,11.89971923828125,137.72486941888928
1738005661.915505,0.005340576171875,0.020294189453125,0.01068115234375,1.4849782885349672,-0.425723991926822,0.6688257148410097,-0.0049468011690751,-0.0008325514516699,0.0028924195973274,-0.9987438155069228,-0.048070283031576566,-0.014143510028907463,0.047797934250507115,-0.9986762589249216,0.01900229831118373,-0.015038233541805465,0.018302397356279285,0.9997193975226023,10.69488525390625,11.9097900390625,127.37383786588907
1738005661.9263248,-0.0042724609375,-0.039520263671875,0.03631591796875,1.485206251910736,-0.4257343035036298,0.6690038988972,-0.0053818751059528,-0.0006955598711334,0.0026188650695992,-0.9987832016614616,-0.04729794963160093,-0.013964957555493297,0.04702993311816393,-0.9987140104693379,0.018934378340786942,-0.01484255603934901,0.01825456800084777,0.9997231963285244,10.137939453125,11.94976806640625,121.14602513611317
1738005661.934982,-0.0128173828125,0.025634765625,-0.005340576171875,1.4851523631953,-0.4257412681446195,0.6690301215931419,-0.0053818751059528,-0.0006955598711334,0.0026188650695992,-0.9987855479447035,-0.04723320868575291,-0.014016176869836326,0.04696434161926579,-0.9987171990132837,0.01892899921628386,-0.014892274274512897,0.018247750335569895,0.9997225814067737,8.966064453125,11.97967529296875,107.41054080426693
1738005661.945263,0.0128173828125,-0.037384033203125,-0.0640869140625,1.485098582117366,-0.4257482188744117,0.6690562919117824,-0.0053818751059528,-0.0006955598711334,0.0026188650695992,-0.9987878827646317,-0.04716859650514358,-0.014067293495173785,0.046898881200606445,-0.9987203769149098,0.018923627481855183,-0.014941893610777893,0.018240949500384518,0.9997219651366317,7.82318115234375,11.97967529296875,93.71916996315122
1738005661.9553103,-0.0213623046875,0.041656494140625,-0.008544921875,1.4850391823618216,-0.4257558957687094,0.6690851963255555,-0.0053818751059528,-0.0006955598711334,0.0026188650695992,-0.9987904536425433,-0.04709723345137865,-0.014123749988897741,0.046826582006011676,-0.9987238818602746,0.01891769065130296,-0.014996697308301344,0.01823344189039666,0.9997212814913328,6.739044189453125,11.99981689453125,80.86729631759226
1738005661.9652069,-0.007476806640625,-0.0640869140625,0.1025390625,1.485526479422867,-0.425584613205999,0.66962150897581,-0.0025399662494041,0.0008693690856084,0.0087013288215585,-0.998789349172754,-0.04712323974857079,-0.014115107320355307,0.04685368788926974,-0.9987238010060098,0.018854740392886545,-0.014985590086524057,0.018170569052920915,0.9997225927776424,5.91888427734375,12.0196533203125,71.14293705672026
1738005661.9749117,0.003204345703125,0.01922607421875,0.069427490234375,1.4855010823003394,-0.425575920384512,0.6697085135626968,-0.0025399662494041,0.0008693690856084,0.0087013288215585,-0.9987933510061661,-0.04701076389190404,-0.014206690824158371,0.04673957272241115,-0.9987291702353421,0.018853563661849516,-0.015074956968429927,0.018166799369306198,0.9997213177046267,6.0943603515625,12.0098876953125,73.19258339703083
1738005661.984884,-0.01495361328125,-0.022430419921875,-0.10040283203125,1.4854757080375078,-0.4255672353873468,0.6697954398376241,-0.0025399662494041,0.0008693690856084,0.0087013288215585,-0.9987973282343843,-0.04689838832546593,-0.014298191645439391,0.0466255597747163,-0.9987345218008472,0.01885237754044352,-0.015164243718374793,0.018163043129026116,0.9997200355983383,6.006622314453125,12.0098876953125,72.13885942474008
