time,rate_roll,rate_pitch,rate_yaw,pos_x,pos_y,pos_z,vel_x,vel_y,vel_z,R11,R12,R13,R21,R22,R23,R31,R32,R33,current,voltage,energy
1738177731.5878162,-0.005340576171875,0.00640869140625,0.0,1.4090248859866257,-0.406883547859373,0.6247053452858476,-0.0068908912984044,-0.0079896816576375,0.0185973286711339,-0.9998717675475175,0.015770973562022454,-0.00277936221263478,-0.01587657792130963,-0.9989358920873567,0.043301475415340865,-0.002093498247340308,0.04334004952169269,0.9990581851786939,0.000762939453125,11.45965576171875,8.743023499846458e-05
1738177731.6001847,-0.00640869140625,0.007476806640625,0.0,1.409228153372372,-0.4066779968935885,0.6242159864825262,-0.0067754627733311,-0.0085481546424037,0.0196467035468984,-0.9998652959591878,0.016286897267293644,-0.002031480703879641,-0.016359543091627644,-0.9989302573879578,0.04325166152486239,-0.0013248721745099691,0.043279069447398094,0.9990621436434715,0.000762939453125,11.45965576171875,8.743023499846458e-05
1738177731.6082454,-0.005340576171875,0.00640869140625,0.0,1.4091605071520432,-0.4067633416695382,0.6244121391707383,-0.0067754627733311,-0.0085481546424037,0.0196467035468984,-0.9998652640627397,0.01628875898822401,-0.002032252782320433,-0.016361452174829972,-0.9989297140521798,0.04326348652571758,-0.0013253691857174064,0.043290907986016494,0.999061630072073,0.000762939453125,11.45965576171875,8.743023499846458e-05
1738177731.6179552,-0.005340576171875,0.0042724609375,0.0,1.409092535709501,-0.4068490967569109,0.6246092349007208,-0.0067754627733311,-0.0085481546424037,0.0196467035468984,-0.999865241710366,0.016290063500749307,-0.0020327937950266562,-0.016362789883313935,-0.9989293332482171,0.043271772363828134,-0.0013257174307003614,0.043299203311539074,0.999061270126052,0.000762939453125,11.45965576171875,8.743023499846458e-05
1738177731.6282759,-0.005340576171875,0.0042724609375,-0.001068115234375,1.409022206405914,-0.406937826602099,0.6248131676835377,-0.0067754627733311,-0.0085481546424037,0.0196467035468984,-0.9998652185805649,0.016291413260745336,-0.00203335358630974,-0.016364173998571718,-0.9989289391602824,0.04328034562543785,-0.0013260777442582444,0.04330778639090781,0.999060897621229,0.000762939453125,11.45965576171875,8.743023499846458e-05
1738177731.6399274,-0.005340576171875,0.00640869140625,0.0,1.4094063705800677,-0.4064382880924466,0.6236597326410125,-0.0070675196399231,-0.0083366204698694,0.0193246183723579,-0.9998656956770219,0.01626020493741284,-0.0020484979126729605,-0.01633348932870219,-0.9989346354192232,0.043160297568629456,-0.0013445202319273678,0.04318796007288148,0.9990660600631417,0.000762939453125,11.45965576171875,8.743023499846458e-05
1738177731.6478276,-0.005340576171875,0.007476806640625,0.0,1.4093422681769334,-0.4065139012401083,0.6238350069296498,-0.0070675196399231,-0.0083366204698694,0.0193246183723579,-0.9998658964448105,0.016243849241064832,-0.002080021261642103,-0.016318499668546378,-0.9989352137890113,0.04315258069767931,-0.0013768424684681565,0.04318073660946083,0.9990663282738946,0.000762939453125,11.45965576171875,8.743023499846458e-05
1738177731.657695,-0.005340576171875,0.007476806640625,-0.001068115234375,1.4092714728327005,-0.406597409167355,0.6240285816318857,-0.0070675196399231,-0.0083366204698694,0.0193246183723579,-0.9998661167043884,0.016225786104352054,-0.002114836112348761,-0.016301944641058434,-0.9989358521966376,0.043144058653508094,-0.0014125393467598918,0.043172758325977924,0.9990666232394718,0.000762939453125,11.45965576171875,8.743023499846458e-05
1738177731.6693969,-0.005340576171875,0.00640869140625,0.0,1.4092005290705547,-0.4066810921636315,0.6242225621511075,-0.0070675196399231,-0.0083366204698694,0.0193246183723579,-0.9998663358775111,0.016207685373463367,-0.0021497241021016704,-0.016285354596675256,-0.9989364915742965,0.04313551931872351,-0.001448310926867326,0.043164762666673406,0.9990669175082262,0.000762939453125,11.45965576171875,8.743023499846458e-05
1738177731.679091,-0.00640869140625,0.005340576171875,0.001068115234375,1.4093722564182465,-0.4064904626311357,0.6237059550516686,-0.0070814034184277,-0.0083791234879908,0.0195335017553215,-0.9998637571680373,0.01639144647729144,-0.0019461716774583932,-0.01646015413714919,-0.9989337884002115,0.04313177156322975,-0.001237104521591266,0.04315792945431273,0.9990674965674838,0.000762939453125,11.4697265625,8.750706911087036e-05
1738177731.6884496,-0.005340576171875,0.00640869140625,0.001068115234375,1.4093012936745903,-0.4065744298276089,0.6239017002727587,-0.0070814034184277,-0.0083791234879908,0.0195335017553215,-0.9998640886496901,0.016371191040929035,-0.0019463639500703744,-0.016439940597077214,-0.9989336069675494,0.043143681159191025,-0.0012379749146493597,0.04316981555094679,0.9990669819603728,0.000762939453125,11.45965576171875,8.743023499846458e-05
1738177731.6995847,-0.00640869140625,0.007476806640625,0.0,1.4092308053849634,-0.4066578356228084,0.6240961367492311,-0.0070814034184277,-0.0083791234879908,0.0195335017553215,-0.9998643503134258,0.016355184158292027,-0.00194651572284511,-0.016423966831958004,-0.9989334632004598,0.04315309272622448,-0.0012386629136585587,0.04317920853239136,0.9990665751914147,0.000762939453125,11.45965576171875,8.743023499846458e-05
1738177731.709391,-0.00640869140625,0.00640869140625,0.0,1.4091598568041142,-0.4067417860610345,0.6242918429033177,-0.0070814034184277,-0.0083791234879908,0.0195335017553215,-0.9998646134273619,0.016339072744433976,-0.0019466683344107145,-0.016407888759844384,-0.9989333181470842,0.04316256574974198,-0.0012393555570033043,0.043188662835382176,0.999066165676876,0.000762939453125,11.45965576171875,8.743023499846458e-05
1738177731.7193222,-0.00640869140625,0.00640869140625,-0.001068115234375,1.4095010089532554,-0.4063487878909139,0.6234158857459958,-0.0068107138417964,-0.0083512754185107,0.0204333059514394,-0.9998643363025486,0.01637568222416282,-0.0017737028943341352,-0.01643699509563686,-0.998932804010546,0.04316339031927428,-0.0010649800421328778,0.043186688959924315,0.9990664521012547,0.000762939453125,11.45965576171875,8.743023499846458e-05
1738177731.7285872,-0.005340576171875,0.00640869140625,0.0,1.4094467275639364,-0.4064153475559994,0.6235787391944287,-0.0068107138417964,-0.0083512754185107,0.0204333059514394,-0.9998644481024492,0.016377663265705278,-0.0016904338909242923,-0.01643537242597673,-0.9989330858749672,0.04315748460620403,-0.0009818115928533623,0.04317941743783098,0.9990668515948898,0.000762939453125,11.45965576171875,8.743023499846458e-05
1738177731.7385988,-0.005340576171875,0.007476806640625,0.0,1.409378681721943,-0.4064987851487057,0.6237828883541896,-0.0068107138417964,-0.0083512754185107,0.0204333059514394,-0.9998645784653111,0.016380145795656213,-0.0015860498412027906,-0.016433338980896727,-0.9989334391571943,0.043150081153096445,-0.0008775536021653086,0.04317030179756583,0.9990673425462282,0.000762939453125,11.44989013671875,8.735572919249535e-05
1738177731.748079,-0.005340576171875,0.00640869140625,0.0,1.4093061203766724,-0.4065877596370146,0.6240005847957962,-0.0068107138417964,-0.0083512754185107,0.0204333059514394,-0.9998647054832251,0.016382792016367553,-0.0014747388555009992,-0.016431171448260732,-0.9989338158142176,0.043142186171828814,-0.0007663770490706251,0.04316058095757424,0.999067854010739,0.000762939453125,11.45965576171875,8.743023499846458e-05
1738177731.7582555,-0.005340576171875,0.005340576171875,0.001068115234375,1.4092428284129406,-0.4066653680394788,0.624190471508003,-0.0068107138417964,-0.0083512754185107,0.0204333059514394,-0.9998648061655573,0.016385099310141763,-0.0013776473094635085,-0.01642928152551587,-0.998934144296938,0.043135299538769885,-0.0006694027695064522,0.04315210166771545,0.9990682899690047,0.000762939453125,11.45965576171875,8.743023499846458e-05
1738177731.768361,-0.007476806640625,0.005340576171875,-0.001068115234375,1.4091889615862765,-0.4067552212420361,0.6244093967965885,-0.006672727279037,-0.0086581808507398,0.0211657951576643,-0.999862328251295,0.016571018863495802,-0.0008519845805468615,-0.016592345242611217,-0.9989319396717682,0.0431239374703746,-0.00013646702832632342,0.04313213694479382,0.9990693670308012,0.000762939453125,11.45965576171875,8.743023499846458e-05
1738177731.7777395,-0.00640869140625,0.00640869140625,-0.001068115234375,1.409122214295304,-0.4068418290250861,0.6246211182455507,-0.006672727279037,-0.0086581808507398,0.0211657951576643,-0.9998618217580946,0.01661025407114513,-0.0006609465003587424,-0.016623304830417577,-0.9989317851813154,0.04311559220265104,5.592047340121606e-05,0.04312062168107383,0.999069871860191,0.000762939453125,11.45965576171875,8.743023499846458e-05
1738177731.7877226,-0.005340576171875,0.007476806640625,0.001068115234375,1.4090553001861497,-0.4069286532626573,0.6248333688393917,-0.006672727279037,-0.0086581808507398,0.0211657951576643,-0.9998612758531497,0.016649585106231962,-0.0004694306149203988,-0.016654343386168106,-0.9989316289890332,0.043107232011488764,0.0002487884392096114,0.043109070056161755,0.9990703409586362,0.000762939453125,11.45965576171875,8.743023499846458e-05
1738177731.79883,-0.00640869140625,0.00640869140625,0.0,1.4096537849737023,-0.4061915175058905,0.6229834238798214,-0.0068893779513259,-0.0084527812939341,0.0195484243693965,-0.9998625839752656,0.016489377942016,-0.0017069216121709183,-0.016547698102328322,-0.9989310956467229,0.043160628326660413,-0.000993405163535781,0.04318294298821327,0.9990666877546552,0.000762939453125,11.45965576171875,8.743023499846458e-05
1738177731.808062,-0.005340576171875,0.00640869140625,0.0,1.40959020290459,-0.4062695282244522,0.6231638362883265,-0.0068893779513259,-0.0084527812939341,0.0195484243693965,-0.9998628846805875,0.01647115332194489,-0.001706735614920175,-0.016529474083979093,-0.9989317596914719,0.043152241728634834,-0.0009941452214423442,0.043174536337341876,0.9990670503461389,0.000762939453125,11.45965576171875,8.743023499846458e-05
1738177731.818027,-0.005340576171875,0.00640869140625,0.0,1.4095210679968484,-0.4063543518847368,0.6233600047268735,-0.0068893779513259,-0.0084527812939341,0.0195484243693965,-0.9998631696694521,0.016453862584374583,-0.0017065592902218642,-0.01651218391298236,-0.9989323893359872,0.04314428488130809,-0.0009948472145867,0.043166560455405074,0.9990673942920315,0.000762939453125,11.45965576171875,8.743023499846458e-05
1738177731.8280358,-0.005340576171875,0.005340576171875,-0.001068115234375,1.4094524773499648,-0.4064385077752993,0.6235546288398951,-0.0068893779513259,-0.0084527812939341,0.0195484243693965,-0.9998634521190279,0.016436707960950384,-0.0017063844897351075,-0.016495029847520215,-0.9989330136653097,0.04313639066810823,-0.0009955435449016722,0.04315864734845924,0.9990677354674714,0.000762939453125,11.45965576171875,8.743023499846458e-05
1738177731.8386092,-0.005340576171875,0.005340576171875,0.0,1.4093941826311918,-0.4065218975610141,0.6237368457893784,-0.0065546548269798,-0.0085236188714976,0.0194703929985204,-0.9998630890259194,0.01646046306188843,-0.0016900767245077363,-0.016518080439056688,-0.9989316878277907,0.04315826771465798,-0.0009778661234387575,0.043180275697469135,0.9990668183702905,0.000762939453125,11.45965576171875,8.743023499846458e-05
1738177731.8490398,-0.0042724609375,0.007476806640625,0.0,1.4093421544852127,-0.4065788662713864,0.6239112642331599,-0.006626752757119,-0.0085258293945769,0.0198990242715859,-0.999864443579117,0.01636107994985854,-0.001846491022797248,-0.016425541815299503,-0.9989333009563097,0.04315624887087264,-0.0011384385344767078,0.043180728379743495,0.9990666287361909,0.000762939453125,11.4697265625,8.750706911087036e-05
1738177731.8584213,-0.005340576171875,0.005340576171875,0.0,1.4092808305151985,-0.4066577642966038,0.6240954098037692,-0.006626752757119,-0.0085258293945769,0.0198990242715859,-0.999864488020759,0.016361954553022078,-0.0018143974730474859,-0.016425021022007946,-0.9989336514073582,0.04314833450307256,-0.0011064716046777414,0.04317228890350018,0.9990670293786201,0.000762939453125,11.4697265625,8.750706911087036e-05
1738177731.8695865,-0.00640869140625,0.0042724609375,0.0,1.4092149340857814,-0.4067425451441034,0.6242932857011259,-0.006626752757119,-0.0085258293945769,0.0198990242715859,-0.9998645346319691,0.016362894066480654,-0.0017799109429646478,-0.01642446167941318,-0.9989340279148324,0.04313982999955226,-0.0010721211392567054,0.04316322012568008,0.9990674586756617,0.000762939453125,11.4697265625,8.750706911087036e-05
1738177731.8779256,-0.00640869140625,0.00640869140625,-0.001068115234375,1.4091488587340402,-0.4068275561889968,0.6244916988721378,-0.006626752757119,-0.0085258293945769,0.0198990242715859,-0.9998645801796806,0.016363835816599726,-0.0017453307647285394,-0.016423901111695404,-0.9989344053675993,0.04313130238184599,-0.0010376773989012361,0.0431541266885144,0.9990678878711734,0.000762939453125,11.45965576171875,8.743023499846458e-05
1738177731.8880134,-0.005340576171875,0.007476806640625,0.0,1.4094317647913546,-0.4064585617622083,0.6236395626860408,-0.0068424682489765,-0.0084410702158288,0.0195057392455869,-0.9998647454633113,0.016340795520749327,-0.0018625738473655304,-0.01640601225146917,-0.9989320703797331,0.0431921466109824,-0.001154790713711705,0.043216862086563085,0.9990650475768825,0.000762939453125,11.45965576171875,8.743023499846458e-05
1738177731.9004745,-0.005340576171875,0.005340576171875,-0.001068115234375,1.409362826923746,-0.4065436055446328,0.6238360830089401,-0.0068424682489765,-0.0084410702158288,0.0195057392455869,-0.9998646959399419,0.016341752642436477,-0.0018806736827212192,-0.01640776014317591,-0.9989316939118741,0.04320018871993131,-0.0011726977494084983,0.0432252012016959,0.9990646659556434,0.000762939453125,11.45965576171875,8.743023499846458e-05
1738177731.908268,-0.00640869140625,0.005340576171875,-0.001068115234375,1.409294799104415,-0.4066275266647186,0.6240300090685197,-0.0068424682489765,-0.0084410702158288,0.0195057392455869,-0.9998646467506486,0.016342696981040964,-0.0018985345892399393,-0.016409485102253474,-0.9989313223463032,0.043208124631195055,-0.0011903683797829753,0.04323343024618608,0.9990642889885858,0.000762939453125,11.45965576171875,8.743023499846458e-05
1738177731.917924,-0.00640869140625,0.005340576171875,0.0,1.4092243832636646,-0.4067143937183096,0.624230742631096,-0.0068424682489765,-0.0084410702158288,0.0195057392455869,-0.9998645955001596,0.016343674314349008,-0.0019170224851618317,-0.016411270761418024,-0.9989309376668599,0.043216339086085256,-0.001208659297549714,0.043241948174366086,0.9990638983872793,0.000762939453125,11.45965576171875,8.743023499846458e-05
1738177731.9299922,-0.005340576171875,0.00640869140625,-0.001068115234375,1.4093465843184456,-0.4065304328303209,0.623814270384215,-0.0070775658886126,-0.0085781904742657,0.0197139773166218,-0.9998651101309075,0.016309094521969734,-0.0019429304624033648,-0.01637781989606785,-0.9989323144776096,0.043197200231705944,-0.0012363488020143004,0.04322319433220535,0.9990646760412262,0.000762939453125,11.45965576171875,8.743023499846458e-05
1738177731.9378126,-0.005340576171875,0.005340576171875,-0.001068115234375,1.4092756812633735,-0.4066163691424921,0.6240117650089729,-0.0070775658886126,-0.0085781904742657,0.0197139773166218,-0.9998651059220282,0.016309320626285047,-0.001943198456256661,-0.01637804295769746,-0.9989328143372211,0.04318555486727872,-0.0012367976419697365,0.0432115551794651,0.9990651789701035,0.000762939453125,11.45965576171875,8.743023499846458e-05
1738177731.948015,-0.007476806640625,0.0042724609375,-0.001068115234375,1.4091994488011874,-0.4067087648320904,0.6242241042586503,-0.0070775658886126,-0.0085781904742657,0.0197139773166218,-0.999865102369645,0.016309511458488326,-0.0019434246383295607,-0.016378231215403855,-0.9989332361081107,0.04317572629189203,-0.001237176460412614,0.04320173184680268,0.9990656033313543,0.000762939453125,11.45965576171875,8.743023499846458e-05
1738177731.9605796,-0.005340576171875,0.003204345703125,0.0,1.4094059817932123,-0.4064718364548565,0.6236204762837324,-0.0070592376322994,-0.0085820035904655,0.0195685241023512,-0.999864066209536,0.01637484227689938,-0.0019270815600326997,-0.016442835718277937,-0.9989307337520507,0.04320905367085951,-0.0012174795579691065,0.04323486678591902,0.9990641941524727,0.000762939453125,11.45965576171875,8.743023499846458e-05
1738177731.968828,-0.0042724609375,0.0042724609375,0.0,1.4093550056901816,-0.4065384084021917,0.623766284497261,-0.0068859964745575,-0.0088440733212562,0.0195507483059391,-0.9998640848985274,0.016375299638564843,-0.001913450228668526,-0.016442694885678438,-0.9989310382403481,0.04320206736901347,-0.0012039580253720222,0.043227657833932114,0.99906452248254,0.000762939453125,11.4697265625,8.750706911087036e-05
1738177731.9780326,-0.0042724609375,0.005340576171875,0.0,1.409282138075488,-0.4066319963860773,0.6239731705158345,-0.0068859964745575,-0.0088440733212562,0.0195507483059391,-0.9998641096277882,0.016375911730161685,-0.001895202690093366,-0.016442506508630064,-0.998931445763702,0.04319271517459692,-0.0011858574721450089,0.04321800758302203,0.9990649616329308,0.000762939453125,11.45965576171875,8.743023499846458e-05
1738177731.9865036,-0.005340576171875,0.007476806640625,0.0,1.4092172582167044,-0.4067153252449101,0.624157377666373,-0.0068859964745575,-0.0088440733212562,0.0195507483059391,-0.9998641313680875,0.01637645657587666,-0.0018789554433475352,-0.01644233892409124,-0.9989318085383652,0.04318438816257793,-0.0011697411016858995,0.04320941518106109,0.9990653522895615,0.000762939453125,11.45965576171875,8.743023499846458e-05
1738177731.9963582,-0.005340576171875,0.00640869140625,0.0,1.4093861656069526,-0.4065495877350455,0.6237170171301177,-0.0068465645330713,-0.0086121776883571,0.0191448561799595,-0.999862699573761,0.016456542627523194,-0.0019401561327989894,-0.016524904840513662,-0.9989336069232025,0.04311121060017682,-0.0012286256887651266,0.04313735230805598,0.9990683957141111,0.000762939453125,11.45965576171875,8.743023499846458e-05
1738177732.007739,-0.005340576171875,0.005340576171875,-0.001068115234375,1.4095757313142672,-0.4063121624993775,0.623193026642643,-0.0067618040849055,-0.0086050413392941,0.0194978756492223,-0.9998628893326943,0.01645862452923656,-0.0018210474683266475,-0.016521877063245215,-0.9989324835176159,0.043138393011737046,-0.0011091048567641827,0.043162565400282744,0.9990674465893096,0.000762939453125,11.45965576171875,8.743023499846458e-05
1738177732.018087,-0.00640869140625,0.00640869140625,-0.001068115234375,1.409508086226202,-0.4063982473329358,0.6233880833906379,-0.0067618040849055,-0.0086050413392941,0.0194978756492223,-0.9998629110090834,0.01645920824780319,-0.001803788318299269,-0.01652170562692842,-0.9989328681427841,0.043129551205733724,-0.0010919851733916755,0.04315344027868848,0.9990678596374196,0.000762939453125,11.45965576171875,8.743023499846458e-05
1738177732.0284486,-0.00640869140625,0.007476806640625,-0.001068115234375,1.4094384531677355,-0.4064868620486478,0.6235888725140735,-0.0067618040849055,-0.0086050413392941,0.0194978756492223,-0.9998629330136876,0.01645980895617991,-0.0017860219461944059,-0.016521529310655887,-0.9989332639871541,0.04312044954784006,-0.0010743623706026253,0.04314404697170563,0.9990682844312494,0.000762939453125,11.45965576171875,8.743023499846458e-05
1738177732.0380545,-0.005340576171875,0.005340576171875,0.0,1.4091256125412222,-0.4068397960850641,0.6244110154016526,-0.0072021492343555,-0.0082623451379351,0.0193389235204946,-0.9998645396451504,0.01635349015346267,-0.0018616444322606424,-0.016418645225192444,-0.9989322242446823,0.043183786940713426,-0.0011534509789466656,0.04320850292907942,0.9990654106841388,0.000762939453125,11.45965576171875,8.743023499846458e-05
1738177732.049753,-0.005340576171875,0.005340576171875,0.001068115234375,1.409053634261774,-0.4069223699623726,0.6246042886033163,-0.0072021492343555,-0.0082623451379351,0.0193389235204946,-0.9998648402252843,0.016335122770827628,-0.0018614632225139372,-0.016400277374253897,-0.9989328913593152,0.04317533396010131,-0.0011542024581151372,0.04320002690486118,0.9990657763591468,0.000762939453125,11.4697265625,8.750706911087036e-05
1738177732.058272,-0.0042724609375,0.005340576171875,0.0,1.408981540747938,-0.4070050760372033,0.6247978712277565,-0.0072021492343555,-0.0082623451379351,0.0193389235204946,-0.9998651218530553,0.016317894737786567,-0.0018612933947391285,-0.01638304889755737,-0.9989335167198886,0.04316740532457711,-0.0011549071802644405,0.043192076645637234,0.9990661192856268,0.000762939453125,11.4697265625,8.750706911087036e-05
1738177732.0679865,-0.00640869140625,0.005340576171875,0.001068115234375,1.4089095912770868,-0.4070876168651313,0.6249910670737262,-0.0072021492343555,-0.0082623451379351,0.0193389235204946,-0.9998654026219167,0.016300701120206307,-0.0018611240426117171,-0.016365854832960183,-0.9989341404720256,0.0431594925248437,-0.0011556103576709016,0.043184142256217965,0.999066461464049,0.000762939453125,11.4697265625,8.750706911087036e-05
1738177732.0780706,-0.00640869140625,0.00640869140625,0.0,1.4095470038108695,-0.4063127653435993,0.6232344623079676,-0.0071319073986781,-0.008596294111301,0.0195987327620469,-0.999862994548023,0.016453824328526257,-0.0018065985791337312,-0.01651655014724975,-0.998928921948662,0.0432228234352808,-0.0010934828272610247,0.043246740448848534,0.9990638236548537,0.000762939453125,11.45965576171875,8.743023499846458e-05
1738177732.0889497,-0.005340576171875,0.00640869140625,0.0,1.4094745364997918,-0.4064001122880642,0.6234336050315628,-0.0071319073986781,-0.008596294111301,0.0195987327620469,-0.9998623564638884,0.01649240868541399,-0.001807922076172635,-0.016555162549581212,-0.9989280117002421,0.043229087817787004,-0.0010930322214715094,0.043253068057124894,0.9990635502230119,0.000762939453125,11.45965576171875,8.743023499846458e-05
1738177732.0981812,-0.005340576171875,0.005340576171875,0.0,1.409403859297471,-0.4064853015627072,0.6236278284732346,-0.0071319073986781,-0.008596294111301,0.0195987327620469,-0.9998617622705609,0.016528258175519114,-0.0018091519813442495,-0.01659103810218124,-0.998927164598636,0.043234908137077914,-0.0010926133351677398,0.043258947150999656,0.9990632961366797,0.000762939453125,11.45965576171875,8.743023499846458e-05
1738177732.109067,-0.005340576171875,0.00640869140625,0.001068115234375,1.4091692379902945,-0.4067882040213624,0.6243763136419743,-0.0068938771816075,-0.0081506071124905,0.0196038026267862,-0.9998632057880714,0.016436656869441117,-0.0018455411556446398,-0.01650110535076544,-0.9989283196469418,0.04324263786519134,-0.0011327989247277234,0.04326717599166133,0.9990628950412996,0.000762939453125,11.45965576171875,8.743023499846458e-05
1738177732.1185071,-0.00640869140625,0.0042724609375,-0.001068115234375,1.4095069982205994,-0.4063473770961716,0.6233297100770935,-0.0073029132997929,-0.008303788909825,0.0193477386463499,-0.9998639547734249,0.016388397784408194,-0.001868786479650845,-0.016453833957828085,-0.9989314569732576,0.04318814209216674,-0.001159005148713572,0.04321301525402926,0.9990652090928401,0.000762939453125,11.45965576171875,8.743023499846458e-05
1738177732.1275754,-0.00640869140625,0.005340576171875,-0.00213623046875,1.4094340202079945,-0.4064303568587475,0.6235230520293864,-0.0073029132997929,-0.008303788909825,0.0193477386463499,-0.999864210468834,0.016370810120048408,-0.001886053962304381,-0.016436999209954808,-0.9989320889351188,0.0431799346073145,-0.0011771493139566206,0.04320507229172672,0.9990655314081052,0.000762939453125,11.45965576171875,8.743023499846458e-05
1738177732.138118,-0.00640869140625,0.00640869140625,0.0,1.4093607938963375,-0.4065136189501463,0.6237170518047933,-0.0073029132997929,-0.008303788909825,0.0193477386463499,-0.9998644664210196,0.016353162748851544,-0.0019033803401695536,-0.016420107029130257,-0.9989327226838498,0.043171699486848986,-0.0011953550776555326,0.043197101980809595,0.9990658544393848,0.000762939453125,11.45965576171875,8.743023499846458e-05
1738177732.1475573,-0.00640869140625,0.00640869140625,0.0,1.40928769903712,-0.4065967315733447,0.6239107033209047,-0.0073029132997929,-0.008303788909825,0.0193477386463499,-0.9998647213011468,0.016335547190375024,-0.0019206757590234254,-0.016403245017806857,-0.9989333549319611,0.04316347943878493,-0.0012135280244247079,0.043189145654523496,0.9990661765105284,0.000762939453125,11.45965576171875,8.743023499846458e-05
1738177732.1592815,-0.00640869140625,0.005340576171875,0.0,1.4092111133853449,-0.4066838134076421,0.624113603056089,-0.0073029132997929,-0.008303788909825,0.0193477386463499,-0.9998649876970123,0.016317090507894632,-0.0019387973103711562,-0.01638557756145898,-0.9989340169853493,0.04315486713559842,-0.0012325687124617234,0.04318080901130635,0.9990665135552778,0.000762939453125,11.45965576171875,8.743023499846458e-05
1738177732.1677744,-0.00640869140625,0.0042724609375,0.001068115234375,1.409390893240461,-0.406481086761759,0.6236183913242578,-0.0073290017066108,-0.0083168457778142,0.019347027387242,-0.9998652198096943,0.01629957637494315,-0.0019662209715228898,-0.016369262440307224,-0.9989343351317126,0.04315369442033518,-0.0012607387008450365,0.04318006374428732,0.9990665106152681,0.000762939453125,11.45965576171875,8.743023499846458e-05
1738177732.1776726,-0.005340576171875,0.00640869140625,0.0,1.4093181382405195,-0.4065636480897954,0.623810449265131,-0.0073290017066108,-0.0083168457778142,0.019347027387242,-0.9998654705808275,0.016282105615487708,-0.0019833751300071564,-0.016352538234377517,-0.9989349611704867,0.043145542581026715,-0.001278762477338409,0.04317217145388997,0.9990668287849831,0.000762939453125,11.45965576171875,8.743023499846458e-05
1738177732.1876512,-0.0042724609375,0.005340576171875,0.001068115234375,1.409244357180339,-0.4066473737762406,0.6240052157898383,-0.0073290017066108,-0.0083168457778142,0.019347027387242,-0.9998657242737311,0.016264388600287328,-0.00200077135772784,-0.01633557801270777,-0.9989355956739744,0.043137276066908696,-0.0012970403069292092,0.043164167534435305,0.9990671510601784,0.000762939453125,11.45965576171875,8.743023499846458e-05
1738177732.1986437,-0.005340576171875,0.0042724609375,0.0,1.4094942813549798,-0.406367371676077,0.6233618153162025,-0.007294768723184,-0.0083707488643131,0.01967685666293,-0.9998650511459192,0.016328256419859292,-0.0018076336066021785,-0.01639108379883435,-0.9989333640063816,0.04316788907039152,-0.0011008491576887083,0.043191692687151784,0.9990661969128726,0.000762939453125,11.4697265625,8.750706911087036e-05
1738177732.208143,-0.005340576171875,0.005340576171875,0.0,1.4096970512640428,-0.4061340995806659,0.6228082068760948,-0.0072721011197402,-0.0082914592637358,0.0190180697109977,-0.999864027979914,0.016375136491073427,-0.0019443396515453166,-0.016443909411487285,-0.9989295395565678,0.04323624457061624,-0.0012342589066544672,0.043262338196196216,0.9990629843502107,0.000762939453125,11.4697265625,8.750706911087036e-05
1738177732.2185948,-0.00640869140625,0.00640869140625,0.0,1.40962643916217,-0.4062146096501168,0.6229928723329886,-0.0072721011197402,-0.0082914592637358,0.0190180697109977,-0.9998641570266876,0.016359955791417843,-0.0020048291234472304,-0.016431404099098643,-0.9989282673222288,0.04327037905937509,-0.0012947789940730159,0.04329744323990432,0.9990613869809222,0.000762939453125,11.45965576171875,8.743023499846458e-05
1738177732.229021,-0.005340576171875,0.005340576171875,0.0,1.409554401728478,-0.4062967448455833,0.6231812653315457,-0.0072721011197402,-0.0082914592637358,0.0190180697109977,-0.999864284706747,0.016344466470203694,-0.0020665390559080708,-0.016418648489886056,-0.9989269679759559,0.04330520329162609,-0.0013565211501368065,0.043333255891611556,0.9990597523592877,0.000762939453125,11.45965576171875,8.743023499846458e-05
1738177732.2380018,-0.0042724609375,0.007476806640625,0.0,1.4094819934176288,-0.4063793029054724,0.6233706282516581,-0.0072721011197402,-0.0082914592637358,0.0190180697109977,-0.9998644090018673,0.01632889517144549,-0.0021285661433229053,-0.01640582937531691,-0.9989256604832507,0.043340207551525387,-0.0014185816347835705,0.043369251902485625,0.9990581042239557,0.000762939453125,11.45965576171875,8.743023499846458e-05
1738177732.2475162,-0.005340576171875,0.007476806640625,0.0,1.4093029765640788,-0.4066168607948314,0.6239254742012754,-0.006890310368554,-0.0082252442356142,0.0193854050708477,-0.9998645293147069,0.016351317461181125,-0.0018861165296266097,-0.01641751273153515,-0.9989329479499461,0.04316747358533043,-0.0011782588805261426,0.043192591000239755,0.9990660697815218,0.000762939453125,11.45965576171875,8.743023499846458e-05
1738177732.2583015,-0.005340576171875,0.00640869140625,0.0,1.4092250333731895,-0.4067099047576247,0.6241447619034368,-0.006890310368554,-0.0082252442356142,0.0193854050708477,-0.9998648476703517,0.016331861024014575,-0.0018859238152315453,-0.01639805551802023,-0.9989336549377535,0.04315850794373268,-0.0011790540159425287,0.043183600454264864,0.9990664574909089,0.000762939453125,11.4697265625,8.750706911087036e-05
1738177732.2681189,-0.005340576171875,0.00640869140625,0.0,1.409165046331121,-0.4067815137339399,0.6243135312399837,-0.006890310368554,-0.0082252442356142,0.0193854050708477,-0.9998650924268209,0.016316886854722806,-0.0018857756162967395,-0.016383080747535944,-0.9989341987405138,0.04315160775530265,-0.0011796658529271294,0.043176681090815135,0.9990667558268854,0.000762939453125,11.4697265625,8.750706911087036e-05
1738177732.2776995,-0.005340576171875,0.00640869140625,0.0,1.4095163399253952,-0.4063914765148598,0.6233689120886136,-0.0069538898195981,-0.0085948213600139,0.0200412024468046,-0.9998610433777757,0.01657542678502561,-0.0017745879521897754,-0.016636557257209254,-0.9989309092833822,0.04313077139239036,-0.0010577798132880242,0.043154301120158306,0.9990678592551646,0.000762939453125,11.45965576171875,8.743023499846458e-05
1738177732.288086,-0.00640869140625,0.005340576171875,0.0,1.4094464533327082,-0.4064778544695279,0.623570326173204,-0.0069538898195981,-0.0085948213600139,0.0200412024468046,-0.9998607462442037,0.016595326875159355,-0.0017559173928245707,-0.016655621593748074,-0.9989310704153862,0.04311968028750474,-0.0010384552516517359,0.04314292160572074,0.9990683709967065,0.000762939453125,11.45965576171875,8.743023499846458e-05
1738177732.2978892,-0.005340576171875,0.0042724609375,0.0,1.409377616777384,-0.4065629346061707,0.6237687140362248,-0.0069538898195981,-0.0085948213600139,0.0200412024468046,-0.9998604794560468,0.016613152315180256,-0.0017391929383634409,-0.01667269876513269,-0.9989312143210539,0.04310974566095061,-0.00102114534292394,0.04313272800574209,0.9990688289787503,0.000762939453125,11.45965576171875,8.743023499846458e-05
1738177732.3108559,-0.005340576171875,0.0042724609375,-0.001068115234375,1.409307639784129,-0.4066494242935165,0.623970388656447,-0.0069538898195981,-0.0085948213600139,0.0200412024468046,-0.9998602076386902,0.016631272895053065,-0.001722191222124339,-0.016690059030871646,-0.9989313601950248,0.0430996467324683,-0.0010035488335445356,0.043122365204239656,0.9990692941477738,0.000762939453125,11.45965576171875,8.743023499846458e-05
1738177732.3175344,-0.005340576171875,0.00640869140625,-0.001068115234375,1.4096553736763036,-0.4061997020330815,0.622957551177803,-0.0070948693885584,-0.0085104061909566,0.0193487088641231,-0.9998634459154248,0.016417639245487975,-0.0018843151905651367,-0.016483713476529074,-0.9989311748392471,0.043183273663599066,-0.0011733337786305204,0.04320843732289572,0.9990653903683969,0.000762939453125,11.45965576171875,8.743023499846458e-05
1738177732.327395,-0.005340576171875,0.00640869140625,-0.001068115234375,1.409584495931112,-0.4062847209909291,0.6231508447793556,-0.0070948693885584,-0.0085104061909566,0.0193487088641231,-0.9998631168810991,0.0164355139814833,-0.0019029926373928512,-0.016502365444476346,-0.9989313428305484,0.0431722624551273,-0.0011914006674739763,0.04319775678113284,0.9990658308507642,0.000762939453125,11.45965576171875,8.743023499846458e-05
1738177732.3403533,-0.0042724609375,0.007476806640625,0.0,1.4095051114375232,-0.4063799439257998,0.6233673374828362,-0.0070948693885584,-0.0085104061909566,0.0193487088641231,-0.9998627613133169,0.016454789490242875,-0.0019231333133815434,-0.016522478637421147,-0.9989315234792151,0.04316038807947056,-0.00121088339042498,0.04318623973358106,0.9990663053366822,0.000762939453125,11.45965576171875,8.743023499846458e-05
1738177732.347643,-0.0042724609375,0.007476806640625,0.001068115234375,1.4095713096452664,-0.4062926643305226,0.6231499142501451,-0.0072328525183099,-0.0083847490707296,0.0196805805544933,-0.9998624748507816,0.01647612325822195,-0.0018891129267424775,-0.016542303840540108,-0.9989319104924395,0.043143833668002056,-0.0011762520637005986,0.04316915058586228,0.9990670852694417,0.000762939453125,11.45965576171875,8.743023499846458e-05
1738177732.358336,-0.005340576171875,0.005340576171875,0.001068115234375,1.4094993427627094,-0.4063760925837764,0.6233457360266623,-0.0072328525183099,-0.0083847490707296,0.0196805805544933,-0.9998624710752259,0.016476331253437795,-0.0018892971629979956,-0.016542508903769768,-0.9989322991883266,0.04313475440398466,-0.0011765774567878344,0.04316007584273185,0.9990674769597586,0.000762939453125,11.45965576171875,8.743023499846458e-05
1738177732.3678012,-0.00640869140625,0.00640869140625,0.0,1.409448505135752,-0.4064335878244055,0.6234802982773457,-0.0073528340845406,-0.0082296466268094,0.0196618543245979,-0.9998622698103804,0.01648991448006547,-0.0018772666497709695,-0.01655559838838068,-0.9989306681603972,0.043167492058552324,-0.0011634309764065117,0.043192625864407204,0.9990660856516452,0.000762939453125,11.45965576171875,8.743023499846458e-05
1738177732.3777897,-0.007476806640625,0.007476806640625,0.0,1.409372932707031,-0.4065181721324358,0.623682382816094,-0.0073528340845406,-0.0082296466268094,0.0196618543245979,-0.9998625412644755,0.0164734311844685,-0.001877402768589465,-0.016539147670003824,-0.9989305200893622,0.04317722349046848,-0.0011641179041376338,0.0432023390455498,0.9990656648741856,0.000762939453125,11.4697265625,8.750706911087036e-05
1738177732.3877528,-0.005340576171875,0.00640869140625,0.0,1.4093010587538546,-0.4065986169282128,0.6238745774421169,-0.0073528340845406,-0.0082296466268094,0.0196618543245979,-0.9998627991819168,0.016457754567451396,-0.0018775320768412065,-0.016523502043313678,-0.9989303789255584,0.04318647866943071,-0.001164771362389911,0.04321157685433521,0.9990652646015852,0.000762939453125,11.45965576171875,8.743023499846458e-05
1738177732.401834,-0.005340576171875,0.00640869140625,0.0,1.4092280230528929,-0.406680362008157,0.6240698786411232,-0.0073528340845406,-0.0082296466268094,0.0196618543245979,-0.9998630610167545,0.016441824553205996,-0.001877663326404785,-0.0165076035277224,-0.9989302351411856,0.04319588344445687,-0.0011654355311470172,0.04322096396584844,0.9990648577714489,0.000762939453125,11.45965576171875,8.743023499846458e-05
1738177732.4115617,-0.0042724609375,0.007476806640625,0.0,1.4092337884660515,-0.406661690350355,0.6239994035627954,-0.0073644669128234,-0.0082524240986155,0.0196135727777873,-0.9998630697533875,0.016451979535088115,-0.0017816039710602436,-0.01651374841635619,-0.9989240110017186,0.04333723984611622,-0.0010667036017325787,0.04336072662693225,0.9990589119415384,0.000762939453125,11.45965576171875,8.743023499846458e-05
1738177732.417472,-0.0042724609375,0.007476806640625,0.0,1.409159915498449,-0.4067444704164882,0.6241961473113293,-0.0073644669128234,-0.0082524240986155,0.0196135727777873,-0.9998633143351124,0.016437060071079763,-0.0017820502304333155,-0.016498891107132287,-0.9989230871794017,0.04336418444071504,-0.0010673514131077963,0.04338765903103181,0.9990577419772932,0.000762939453125,11.45965576171875,8.743023499846458e-05
1738177732.4274783,-0.0042724609375,0.005340576171875,0.001068115234375,1.409086661146067,-0.4068265572789972,0.6243912435197501,-0.0073644669128234,-0.0082524240986155,0.0196135727777873,-0.9998635566495748,0.0164222655277956,-0.0017824923554208365,-0.016484158227264435,-0.9989221701573087,0.043390903375608234,-0.0010679941952406343,0.04341436586139933,0.9990565810930088,0.000762939453125,11.45965576171875,8.743023499846458e-05
1738177732.437951,-0.00640869140625,0.005340576171875,0.0,1.4090097245602289,-0.4069127703535554,0.6245961465145595,-0.0073644669128234,-0.0082524240986155,0.0196135727777873,-0.9998638109093831,0.01640672729933051,-0.0017829562783870732,-0.01646868479303332,-0.9989212060363922,0.04341896534911031,-0.001068669711814639,0.0434424151046524,0.9990553610861224,0.000762939453125,11.45965576171875,8.743023499846458e-05
1738177732.4474525,-0.007476806640625,0.007476806640625,0.0,1.409536978438164,-0.4063201799318081,0.6231786084888684,-0.0078773970709715,-0.0085386089538119,0.0188006614173802,-0.9998618345841327,0.016524216622270868,-0.0018061027304330161,-0.016586862260340642,-0.998927478299055,0.043229262073827025,-0.0010898359551316543,0.04325324686207268,0.9990635459736681,0.000762939453125,11.45965576171875,8.743023499846458e-05
1738177732.4590507,-0.00640869140625,0.00640869140625,0.0,1.409453856144271,-0.4064102793334887,0.6233769930681446,-0.0078773970709715,-0.0085386089538119,0.0188006614173802,-0.999861709394614,0.01652650974876878,-0.0018537966458541722,-0.01659125730305576,-0.9989258411826636,0.043265390309251625,-0.0011367794791113457,0.043290163929372405,0.9990618946989139,0.000762939453125,11.45965576171875,8.743023499846458e-05
1738177732.4676986,-0.005340576171875,0.005340576171875,-0.001068115234375,1.4093791311556558,-0.4064912765780246,0.6235553361423499,-0.0078773970709715,-0.0085386089538119,0.0188006614173802,-0.9998615949305318,0.01652856971114423,-0.001896672422106146,-0.016595209792006835,-0.9989243683052177,0.04329786851544915,-0.001178980463032751,0.04332335154770101,0.9990604071905472,0.000762939453125,11.45965576171875,8.743023499846458e-05
1738177732.477519,-0.00640869140625,0.0042724609375,0.0,1.4093002784109754,-0.4065767480536522,0.6237435307631378,-0.0078773970709715,-0.0085386089538119,0.0188006614173802,-0.9998614721705857,0.016530741919777412,-0.0019419166951000805,-0.01659938210119246,-0.9989228128881157,0.043332140560479564,-0.001223512455026959,0.0433583724703345,0.9990588343806366,0.000762939453125,11.45965576171875,8.743023499846458e-05
1738177732.4875975,-0.007476806640625,0.005340576171875,0.0,1.4091742689118594,-0.4067163879674926,0.6242005322836653,-0.0073978824079675,-0.008281129698421,0.0199600401935932,-0.9998645273719579,0.016380111965525097,-0.0016182815725634524,-0.016434768219292836,-0.9989300149311543,0.04322873654436305,-0.0009084584907187683,0.04324947631637509,0.9990638906003609,0.000762939453125,11.45965576171875,8.743023499846458e-05
1738177732.49832,-0.007476806640625,0.007476806640625,0.001068115234375,1.4096554259246168,-0.4061928233065132,0.6229666153761576,-0.0073999648887592,-0.008508112664404,0.0196974978565314,-0.9998634311179841,0.016423246480808427,-0.0018428477969651526,-0.016487527027162857,-0.9989309869198365,0.04318616472772155,-0.0011316207406812807,0.04321065084434554,0.999065342751968,0.000762939453125,11.45965576171875,8.743023499846458e-05
1738177732.5078402,-0.005340576171875,0.00640869140625,0.0,1.4095876672729983,-0.4062717590088481,0.623143394842406,-0.0074514274769201,-0.0086732331342252,0.0194659755105955,-0.9998631134362636,0.016438859504114542,-0.0018757099310725718,-0.016504533725319914,-0.9989311428825802,0.04317605986900372,-0.0011639398830347398,0.04320110736434888,0.9990657183421132,0.000762939453125,11.45965576171875,8.743023499846458e-05
