time,rate_roll,rate_pitch,rate_yaw,pos_x,pos_y,pos_z,vel_x,vel_y,vel_z,R11,R12,R13,R21,R22,R23,R31,R32,R33,current,voltage,energy
1738014781.5196743,-0.001068115234375,0.003204345703125,-0.001068115234375,1.4769302674765423,-0.3367297780925006,0.6231611591754039,-0.006462656042025,0.0015009982613348,0.000886612056326,-0.997127923818307,-0.07378073778043387,-0.01709696681775787,0.07349978065989769,-0.9971584376842721,0.016517638996194014,-0.01826706831266534,0.015213575767600488,0.9997173907298121,0.000762939453125,11.5399169921875,8.804257959127426e-05
1738014781.5296102,-0.001068115234375,0.00213623046875,-0.001068115234375,1.476864820158805,-0.336714577483108,0.6231701378956984,-0.006462656042025,0.0015009982613348,0.000886612056326,-0.99712068362766,-0.07386576030536574,-0.017152018435683765,0.07358385504428562,-0.9971521347864994,0.016523812137291087,-0.0183237157457035,0.015214123216182446,0.9997163457181408,0.000762939453125,11.5496826171875,8.81170853972435e-05
1738014781.5398636,-0.001068115234375,0.00213623046875,-0.001068115234375,1.4768010402063263,-0.3366997641312669,0.6231788878700822,-0.006462656042025,0.0015009982613348,0.000886612056326,-0.9971136179868506,-0.07394861627576171,-0.01720566697553771,0.0736657866658028,-0.9971459855574194,0.016529832474385636,-0.018378919992246258,0.015214652070388385,0.9997153243110238,0.000762939453125,11.5496826171875,8.81170853972435e-05
1738014781.5494542,-0.001068115234375,0.003204345703125,0.0,1.4772527729483302,-0.3368118472540776,0.6231220565703286,-0.0063991435179316,0.0007668665813644,0.0015012703912732,-0.9971642463906227,-0.07336159612180201,-0.016779211384416876,0.07308581645386582,-0.9971891856594374,0.016498225272429102,-0.01794238427559668,0.015225118007082386,0.9997230949758924,0.000762939453125,11.5496826171875,8.81170853972435e-05
1738014781.5602274,-0.001068115234375,0.003204345703125,0.0,1.4771778925095769,-0.336787180038074,0.6231465920168763,-0.0064682948034913,0.0010650685052553,0.0015621963840571,-0.9971611626784734,-0.07340679645909494,-0.016764780920968864,0.07313180395991825,-0.9971863360345524,0.016466647368322592,-0.017926374292733062,0.015193862563469707,0.9997238576952734,0.000762939453125,11.5496826171875,8.81170853972435e-05
1738014781.570704,0.0,0.003204345703125,-0.001068115234375,1.4771130607907614,-0.3367765048564458,0.6231622499112337,-0.0064682948034913,0.0010650685052553,0.0015621963840571,-0.9971600487895126,-0.07342133283855251,-0.016767378516255184,0.07314636994131017,-0.9971853309474658,0.01646281590743769,-0.01792890578105315,0.015189589441577351,0.999723877233154,0.000762939453125,11.5496826171875,8.81170853972435e-05
1738014781.5797696,-0.001068115234375,0.00213623046875,-0.001068115234375,1.477048397247611,-0.3367658573665988,0.6231778671884851,-0.0064682948034913,0.0010650685052553,0.0015621963840571,-0.9971589375719804,-0.07343583148351975,-0.016769969428817262,0.07316089813220567,-0.9971843282398054,0.016458994423019763,-0.017931430640314286,0.015185327367299635,0.999723896697453,0.000762939453125,11.5399169921875,8.804257959127426e-05
1738014781.590169,-0.001068115234375,0.003204345703125,-0.00213623046875,1.4769838824752408,-0.3367552343733274,0.6231934485352197,-0.0064682948034913,0.0010650685052553,0.0015621963840571,-0.9971578286940128,-0.0734502967450873,-0.01677255443575388,0.0731753928924092,-0.997183327612342,0.016455181768004746,-0.0179339496286585,0.01518107506190331,0.9997239160941792,0.000762939453125,11.5399169921875,8.804257959127426e-05
1738014781.6041198,-0.00213623046875,0.003204345703125,-0.001068115234375,1.4773347988468528,-0.3368440063712959,0.6231328870410455,-0.00679386532754,0.0007783499198347,0.0015808073437365,-0.9971722592861603,-0.07327756778302938,-0.01666983413049817,0.07300428465535135,-0.9971959288640796,0.016451561593533285,-0.017828621149579078,0.015188071526988629,0.9997256937536395,0.000762939453125,11.5496826171875,8.81170853972435e-05
1738014781.6106083,-0.001068115234375,0.00213623046875,0.0,1.4772687692697346,-0.336836441588425,0.6231482509076194,-0.00679386532754,0.0007783499198347,0.0015808073437365,-0.9971721375069151,-0.07327477831836085,-0.016689369139817258,0.07300126891662816,-0.9971962148435543,0.016447608891570153,-0.017847770629749498,0.015182752190660079,0.999725432866177,0.000762939453125,11.5496826171875,8.81170853972435e-05
1738014781.6196384,-0.001068115234375,0.00213623046875,0.0,1.4771984731451906,-0.3368283880018045,0.623164607521205,-0.00679386532754,0.0007783499198347,0.0015808073437365,-0.9971720074383985,-0.07327180849556873,-0.01671016639842807,0.07299805839636984,-0.9971965192694957,0.01644340071769008,-0.017868157477329043,0.015177089200207512,0.9997251546859137,0.000762939453125,11.5496826171875,8.81170853972435e-05
1738014781.629529,-0.001068115234375,0.003204345703125,-0.001068115234375,1.4771329870772985,-0.3368208854869272,0.6231798449231912,-0.00679386532754,0.0007783499198347,0.0015808073437365,-0.9971718858798111,-0.07326904177815725,-0.016729540573834707,0.07299506763456973,-0.9971968028349323,0.016439480430166516,-0.01788714935157432,0.015171813757751049,0.9997248951363442,0.000762939453125,11.5496826171875,8.81170853972435e-05
1738014781.6409695,-0.001068115234375,0.003204345703125,-0.001068115234375,1.477050077981758,-0.3368097324746465,0.6232102207890311,-0.0066196606419918,0.0008102725577109,0.0017571625652121,-0.9971728376231833,-0.07325348432564745,-0.0167409360753964,0.07297809387901341,-0.997196898360994,0.01650889799469569,-0.017903343830533113,0.015240503054869542,0.9997235604637515,0.000762939453125,11.5496826171875,8.81170853972435e-05
1738014781.6496668,-0.001068115234375,0.00213623046875,-0.001068115234375,1.4770555165691632,-0.3368069393110035,0.6232163257652078,-0.0065449788835594,0.0011201464989477,0.001914086000425,-0.9971701424647348,-0.07330480730757118,-0.016676696389281022,0.07303111368668898,-0.9971936804319921,0.016468762557643506,-0.017837135715756253,0.015204240595899287,0.9997252960975629,0.000762939453125,11.5496826171875,8.81170853972435e-05
1738014781.6599724,-0.001068115234375,0.003204345703125,0.001068115234375,1.4769900340554332,-0.3367957322452815,0.6232354761956421,-0.0065449788835594,0.0011201464989477,0.001914086000425,-0.9971678695114286,-0.07333544810975248,-0.016677891490844653,0.07306146866814149,-0.9971912083774939,0.016483802070144767,-0.017839893780310635,0.015218606545125324,0.9997250282976473,0.000762939453125,11.5496826171875,8.81170853972435e-05
1738014781.6703951,-0.001068115234375,0.003204345703125,-0.001068115234375,1.4769239232237303,-0.3367844176454956,0.6232548103783324,-0.0065449788835594,0.0011201464989477,0.001914086000425,-0.9971655737985283,-0.07336638286441889,-0.016679097590790008,0.07309211480031963,-0.9971887114370716,0.016498985923076515,-0.01784267875260014,0.015233110249206677,0.9997247577043729,0.000762939453125,11.5496826171875,8.81170853972435e-05
1738014781.6839643,-0.001068115234375,0.0042724609375,-0.001068115234375,1.476892373260004,-0.3369280357397435,0.6232063548322256,-0.0065364678145205,0.001065683112184,0.0019352712101079,-0.9971668985504714,-0.07334157886759915,-0.01670895701238656,0.07306799202793225,-0.9971915295062445,0.01643538931704204,-0.01786742780145138,0.015167936253968234,0.9997253066385564,0.000762939453125,11.5496826171875,8.81170853972435e-05
1738014781.6895719,0.0,0.003204345703125,-0.001068115234375,1.4768268320972275,-0.3369173501351776,0.6232257597966494,-0.0065364678145205,0.001065683112184,0.0019352712101079,-0.9971642432115678,-0.07337704626862927,-0.01671170671094539,0.07310346448642115,-0.9971889719875929,0.016432821620470613,-0.017870521547615193,0.015164538476956188,0.9997253028869467,0.000762939453125,11.5496826171875,8.81170853972435e-05
1738014781.6998003,-0.001068115234375,0.003204345703125,-0.001068115234375,1.4767616046849066,-0.3369067156834012,0.623245071868055,-0.0065364678145205,0.001065683112184,0.0019352712101079,-0.9971618624622136,-0.07340883147097405,-0.01671417102208949,0.07313525423616156,-0.9971866789028941,0.0164305205769145,-0.017873294008143498,0.015161493352652584,0.9997252995101285,0.000762939453125,11.5496826171875,8.81170853972435e-05
1738014781.7092195,-0.00213623046875,0.003204345703125,0.0,1.476696220397358,-0.33689605565523,0.6232644303859698,-0.0065364678145205,0.001065683112184,0.0019352712101079,-0.9971594749632214,-0.07344069303593954,-0.016716641333520507,0.07316712037367605,-0.9971843792791947,0.01642821407796372,-0.01787607303902801,0.01515844081587244,0.9997252961112543,0.000762939453125,11.5399169921875,8.804257959127426e-05
1738014781.7199953,0.0,0.00213623046875,0.0,1.477129678488296,-0.3369670698224675,0.6231352946375568,-0.0064155556288778,0.0009274898415629,0.0016242784183449,-0.9971752414266987,-0.07322897748631496,-0.01670493166444939,0.0729552971563108,-0.9971996406230601,0.016443885127124854,-0.017862320746183484,0.015178721868077855,0.9997252342018842,0.000762939453125,11.5399169921875,8.804257959127426e-05
1738014781.7293925,-0.00213623046875,0.003204345703125,-0.001068115234375,1.4770653753742278,-0.3369577735917856,0.6231515747801439,-0.0064155556288778,0.0009274898415629,0.0016242784183449,-0.9971725653313886,-0.07326086751703903,-0.016724839044615872,0.07298690426573878,-0.9971973448211784,0.01644284912342682,-0.017882582479086556,0.015175663815555226,0.9997249184008749,0.000762939453125,11.5496826171875,8.81170853972435e-05
1738014781.7408772,-0.00213623046875,0.003204345703125,0.0,1.476999160424582,-0.3369482009691308,0.6231683389576996,-0.0064155556288778,0.0009274898415629,0.0016242784183449,-0.9971698081927327,-0.07329370554864731,-0.016745338330918395,0.0730194510502137,-0.9971949797009921,0.016441782977014797,-0.0179034465171985,0.01517251416496262,0.9997245927837926,0.000762939453125,11.5496826171875,8.81170853972435e-05
1738014781.7494168,0.001068115234375,0.003204345703125,-0.001068115234375,1.4769371604949846,-0.3369392377073019,0.6231840359843345,-0.0064155556288778,0.0009274898415629,0.0016242784183449,-0.9971672252040726,-0.07332445309205705,-0.016764532727186258,0.07304992596528455,-0.9971927641609931,0.016440785304368676,-0.01792298232093706,0.015169564387569662,0.9997242875018165,0.000762939453125,11.5496826171875,8.81170853972435e-05
1738014781.7617512,-0.001068115234375,0.003204345703125,-0.001068115234375,1.477131687134814,-0.3369584844697939,0.6231325429284216,-0.0066709518307602,0.0007907526541176,0.001554775000202,-0.9971723257673569,-0.07326647168313845,-0.016714570016132798,0.07299260581172773,-0.9971968733981061,0.01644612969228492,-0.01787266685567837,0.015179585374627233,0.9997250361811093,0.000762939453125,11.5496826171875,8.81170853972435e-05
1738014781.7693214,-0.003204345703125,0.003204345703125,0.0,1.477065297822194,-0.3369506148993801,0.6231480160492237,-0.0066709518307602,0.0007907526541176,0.001554775000202,-0.9971722033254858,-0.0732635758202343,-0.01673455625431173,0.07298947884718292,-0.9971971690158833,0.0164420827246582,-0.017892257895877263,0.015174141318066249,0.9997247683951052,0.000762939453125,11.5496826171875,8.81170853972435e-05
1738014781.7797518,-0.00213623046875,0.005340576171875,0.0,1.4769987550776822,-0.3369427271416552,0.6231635249298506,-0.0066709518307602,0.0007907526541176,0.001554775000202,-0.9971720801985954,-0.07326067315484446,-0.016754588664162948,0.07298634473485248,-0.997197465285719,0.016438026340858676,-0.0179118942228765,0.015168684736540101,0.9997244995741136,0.000762939453125,11.5496826171875,8.81170853972435e-05
1738014781.7882822,-0.001068115234375,0.0042724609375,0.0,1.476931945495097,-0.3369348077538243,0.6231790960014777,-0.0066709518307602,0.0007907526541176,0.001554775000202,-0.9971719561730296,-0.0732577587390289,-0.016774701385951413,0.0729831981341423,-0.9971977627122381,0.016433953627152297,-0.01793160930218294,0.015163206331152349,0.9997242292560448,0.000762939453125,11.5399169921875,8.804257959127426e-05
1738014781.799543,0.0,0.003204345703125,-0.001068115234375,1.4768908519430324,-0.3371315252060329,0.623197702665715,-0.0067536853155642,0.000974723423013,0.0016168483810168,-0.9971850847875775,-0.07313510670255924,-0.016527638814939957,0.07286503254631974,-0.9972070921599427,0.01639214378704263,-0.01768031982786513,0.015141714351967848,0.9997290306764467,0.000762939453125,11.5496826171875,8.81170853972435e-05
1738014781.8093538,-0.001068115234375,0.00213623046875,-0.001068115234375,1.4768229166224431,-0.3371217204631209,0.6232139665435796,-0.0067536853155642,0.000974723423013,0.0016168483810168,-0.9971855449258257,-0.0731321795071852,-0.01651282263917353,0.07286244721037068,-0.9972073903569991,0.01638549370325164,-0.017665015638258265,0.015136212799514678,0.9997293845259265,0.000762939453125,11.5496826171875,8.81170853972435e-05
1738014781.8193493,-0.001068115234375,0.0042724609375,0.0,1.476755602640903,-0.3371120053947637,0.6232300816713932,-0.0067536853155642,0.000974723423013,0.0016168483810168,-0.9971860006243428,-0.07312927916391548,-0.016498141949759685,0.07285988541904029,-0.9972076857830583,0.01637890447867588,-0.01764985143146044,0.015130761519612386,0.999729734878524,0.000762939453125,11.5496826171875,8.81170853972435e-05
1738014781.8288038,0.001068115234375,0.00213623046875,0.0,1.4766882278761948,-0.3371022815538957,0.6232462113508422,-0.0067536853155642,0.000974723423013,0.0016168483810168,-0.9971864565038077,-0.07312637628129945,-0.016483447981098527,0.07285732121382966,-0.9972079814323472,0.016372309341337588,-0.01763467354176485,0.015125305272602271,0.9997300852877671,0.000762939453125,11.5496826171875,8.81170853972435e-05
1738014781.8411434,0.0,0.00213623046875,-0.001068115234375,1.4763387748525816,-0.3371011475418173,0.623311682720566,-0.0067082417439338,0.0004955082995366,0.001595091168291,-0.9971858962169673,-0.07313250323236943,-0.016490159396780477,0.07286389574245766,-0.9972080113931976,0.01634119672657659,-0.01763919168204746,0.015093673647985528,0.9997304836467739,0.000762939453125,11.5496826171875,8.81170853972435e-05
1738014781.8491597,-0.001068115234375,0.00213623046875,-0.001068115234375,1.4762707532812982,-0.33709612308766,0.6233278569450125,-0.0067082417439338,0.0004955082995366,0.001595091168291,-0.9971864004189106,-0.0731292687429728,-0.016474005969829317,0.07286103272964016,-0.9972083392255796,0.016333955079263017,-0.017622506324192853,0.015087684781938452,0.9997308683034523,0.000762939453125,11.5496826171875,8.81170853972435e-05
1738014781.858405,-0.001068115234375,0.003204345703125,-0.001068115234375,1.4762025572957294,-0.3370910857502869,0.6233440726418293,-0.0067082417439338,0.0004955082995366,0.001595091168291,-0.9971868681430538,-0.07312626674556838,-0.016459013181345888,0.07285837532257598,-0.9972086434551684,0.01632723380298957,-0.017607019861475344,0.01508212618163685,0.99973122504073,0.000762939453125,11.5496826171875,8.81170853972435e-05
1738014781.8682203,0.0,0.003204345703125,-0.001068115234375,1.476137386727187,-0.3370862718871569,0.6233595689525293,-0.0067082417439338,0.0004955082995366,0.001595091168291,-0.9971873148926972,-0.0731233980048122,-0.01644468550391572,0.07285583570971933,-0.9972089341455588,0.016320810743254158,-0.017592220443458904,0.015076814136566212,0.9997315656991932,0.000762939453125,11.5496826171875,8.81170853972435e-05
1738014781.8783617,-0.001068115234375,0.003204345703125,-0.001068115234375,1.4770001993107391,-0.3371527448253006,0.6231758561920004,-0.0067256715178572,0.0008241217849615,0.0014431645795648,-0.9971869557566858,-0.07309582419834854,-0.016588422272106943,0.07282406911551365,-0.9972093800513487,0.01643494128567149,-0.017743455868925374,0.015180672658637385,0.9997273212988924,0.000762939453125,11.5496826171875,8.81170853972435e-05
1738014781.888548,-0.00213623046875,0.003204345703125,0.0,1.4769308105576897,-0.3371442423608451,0.6231907453209679,-0.0067256715178572,0.0008241217849615,0.0014431645795648,-0.9971868345936554,-0.07309277648840111,-0.016609122141233067,0.07282078147903862,-0.9972096891880062,0.016430750875784834,-0.017763746729445,0.015175039201815415,0.9997270464918689,0.000762939453125,11.5496826171875,8.81170853972435e-05
1738014781.8994896,-0.001068115234375,0.0042724609375,0.001068115234375,1.476867374023933,-0.3371364692441694,0.6232043572492824,-0.0067256715178572,0.0008241217849615,0.0014431645795648,-0.9971867234477487,-0.07308999011059733,-0.01662804634272825,0.07281777593227094,-0.997209971777315,0.01642691986234816,-0.017782297034430527,0.015169889041097505,0.9997267948688082,0.000762939453125,11.5496826171875,8.81170853972435e-05
1738014781.909112,-0.001068115234375,0.003204345703125,0.0,1.4767999222642805,-0.337128204126788,0.6232188307468508,-0.0067256715178572,0.0008241217849615,0.0014431645795648,-0.9971866048725269,-0.07308702726094152,-0.01664816833652268,0.07281458022623581,-0.9972102722223829,0.016422846301360254,-0.017802021494197608,0.01516441295663716,0.9997265269114353,0.000762939453125,11.5496826171875,8.81170853972435e-05
1738014781.9179769,-0.00213623046875,0.003204345703125,0.001068115234375,1.4769694703015377,-0.3371486560809472,0.6231807223013375,-0.0065387943517249,0.0006080479321952,0.0016638215575325,-0.9971829311367276,-0.0731435029699452,-0.016620163141499153,0.07287118152049486,-0.9972058591416353,0.01643975052730509,-0.017776185006111903,0.015182307692790234,0.9997267150475424,0.000762939453125,11.5496826171875,8.81170853972435e-05
1738014781.9289858,-0.00213623046875,0.00213623046875,0.0,1.4769014668402796,-0.3371423323824524,0.6231980260455359,-0.0065387943517249,0.0006080479321952,0.0016638215575325,-0.9971835469336026,-0.0731395696042804,-0.016600514540830974,0.07286770275413809,-0.9972062583631468,0.01643095178945572,-0.017755889734234538,0.015175033425777461,0.9997271861564395,0.000762939453125,11.5496826171875,8.81170853972435e-05
1738014781.9381356,-0.00213623046875,0.0042724609375,0.0,1.4768377266729389,-0.3371364051312093,0.6232142449780786,-0.0065387943517249,0.0006080479321952,0.0016638215575325,-0.9971839971290382,-0.07313669242804327,-0.016586141517547764,0.07286515791469217,-0.9972065503452671,0.01642451553499163,-0.017741043707214525,0.015169712231219388,0.9997275304796805,0.000762939453125,11.5496826171875,8.81170853972435e-05
1738014781.9483862,0.0,0.003204345703125,0.0,1.4767729926088569,-0.3371303854566806,0.6232307168114982,-0.0065387943517249,0.0006080479321952,0.0016638215575325,-0.9971844541182773,-0.07313377046590701,-0.016571544353902613,0.07286257329533036,-0.9972068468375749,0.016417978957348547,-0.017725966196965065,0.015164308019205928,0.9997278799176718,0.000762939453125,11.5496826171875,8.81170853972435e-05
1738014781.9580088,-0.00213623046875,0.003204345703125,0.0,1.4768461981219383,-0.3371370108155142,0.6232241318509597,-0.0069278075968335,0.000460688302083,0.0015437635277694,-0.9971759411024989,-0.07322939769921008,-0.01666126642715689,0.07295647902507046,-0.9971996453611209,0.016438353321391142,-0.017818379685320285,0.01517638310880962,0.9997260538473149,0.000762939453125,11.5496826171875,8.81170853972435e-05
1738014781.9883447,0.001068115234375,0.00213623046875,0.0,1.4766380244314612,-0.3371231675927249,0.6232705204012057,-0.0069278075968335,0.000460688302083,0.0015437635277694,-0.99717470427551,-0.07322053460989045,-0.016773862539409653,0.0729460569265745,-0.9972005456984308,0.0164299859286821,-0.017929917231100857,0.015159979228006054,0.9997243085460573,0.000762939453125,11.5496826171875,8.81170853972435e-05
1738014781.9986267,-0.001068115234375,0.003204345703125,0.001068115234375,1.4768150480812987,-0.3371285429969269,0.6232405909434134,-0.0069765123281732,0.0006812882259548,0.0015042774697651,-0.997179405135091,-0.07319090081879229,-0.0166230566310757,0.07291904348914369,-0.997202830022815,0.01641124282670795,-0.017777712762180903,0.015152815970060256,0.9997271353209949,0.000762939453125,11.5496826171875,8.81170853972435e-05
1738014782.0082939,-0.00213623046875,0.00213623046875,0.0,1.4767451504042828,-0.337121717170191,0.623255662299383,-0.0069765123281732,0.0006812882259548,0.0015042774697651,-0.9971754605747578,-0.07324013379424893,-0.016642825160416316,0.07296796918208094,-0.9971992430285758,0.01641173899008311,-0.01779821061125406,0.015150990232860817,0.9997267982774101,0.000762939453125,11.5399169921875,8.804257959127426e-05
1738014782.0184624,0.0,0.003204345703125,0.0,1.4768060240315668,-0.3371363606234154,0.6232115836742906,-0.0069080162221943,9.42669427433766e-05,0.0015611160711782,-0.9971792814482551,-0.0731826964428748,-0.016666541083617273,0.0729101096198418,-0.9972034183901065,0.016415184016904998,-0.017821239170285382,0.015153722065428072,0.9997263466279156,0.000762939453125,11.5399169921875,8.804257959127426e-05
1738014782.0290723,0.0,0.003204345703125,0.0,1.4767407018301697,-0.3371354692352048,0.6232263455878597,-0.0069080162221943,9.42669427433766e-05,0.0015611160711782,-0.9971809221022836,-0.07316348766831877,-0.016652707511011545,0.0728912468029408,-0.9972049236800219,0.016407508276222033,-0.017806592452019206,0.015147417619161607,0.9997267031567769,0.000762939453125,11.5496826171875,8.81170853972435e-05
1738014782.0379295,-0.00213623046875,0.003204345703125,0.0,1.476672098321067,-0.3371345330701965,0.6232418490315625,-0.0069080162221943,9.42669427433766e-05,0.0015611160711782,-0.9971826445607745,-0.07314331405116851,-0.016638178878472607,0.07287143630693393,-0.9972065041407775,0.0163994472435549,-0.017791210114671496,0.015140796179256991,0.9997270773234632,0.000762939453125,11.5496826171875,8.81170853972435e-05
1738014782.049828,-0.001068115234375,0.005340576171875,-0.001068115234375,1.476602603677872,-0.3371335847447524,0.6232575538592386,-0.0069080162221943,9.42669427433766e-05,0.0015611160711782,-0.9971843887562397,-0.07312287845432519,-0.01662346135431881,0.0728513683235859,-0.9972081046674843,0.01639128179444738,-0.0177756280965194,0.015134088411190913,0.9997274560667705,0.000762939453125,11.5399169921875,8.804257959127426e-05
1738014782.0593853,-0.001068115234375,0.0042724609375,-0.001068115234375,1.4765966596944935,-0.3371420137255333,0.6232687892660365,-0.0071328572527566,0.0002103266565363,0.0012726120992373,-0.9971801383859422,-0.07313108198602428,-0.016840916131452055,0.0728558294802859,-0.9972073653122014,0.01641641488989064,-0.017994435788118237,0.015143163957737326,0.9997234041803845,0.000762939453125,11.5399169921875,8.804257959127426e-05
1738014782.070733,-0.001068115234375,0.005340576171875,0.0,1.4768421419748712,-0.3371464392919587,0.6232292274219733,-0.0066514219096454,0.0005700966438342,0.0017498637607296,-0.9971860833550199,-0.07308207003614313,-0.016701083866247503,0.0728088746842391,-0.9972107389513549,0.01641980168294987,-0.017854493280122147,0.015157610607378367,0.9997256943333932,0.000762939453125,11.5496826171875,8.81170853972435e-05
1738014782.0815582,-0.00213623046875,0.003204345703125,0.0,1.4767758938126512,-0.337140761129386,0.6232466560650302,-0.0066514219096454,0.0005700966438342,0.0017498637607296,-0.9971846983954032,-0.07309642271268786,-0.016720953103124353,0.07282297161291533,-0.9972097511649441,0.016417277088933042,-0.017874341709091312,0.015153388009231744,0.9997254036685816,0.000762939453125,11.5496826171875,8.81170853972435e-05
1738014782.0895152,0.0,0.003204345703125,0.0,1.4767074706354666,-0.3371348965452109,0.6232646569135368,-0.0066514219096454,0.0005700966438342,0.0017498637607296,-0.9971832673383114,-0.07311124650288597,-0.016741474704574367,0.07283753139948142,-0.9972087307237025,0.016414669903830365,-0.01789484171819402,0.01514902647751335,0.9997251030341612,0.000762939453125,11.5496826171875,8.81170853972435e-05
1738014782.1006033,-0.001068115234375,0.0042724609375,-0.001068115234375,1.4766428387687704,-0.3371293569161228,0.6232816603396998,-0.0066514219096454,0.0005700966438342,0.0017498637607296,-0.9971819149901852,-0.07312524881389276,-0.01676085923851405,0.0728512844666106,-0.9972077666153363,0.01641220745719168,-0.017914205761684992,0.015144906337088792,0.9997248186595993,0.000762939453125,11.5496826171875,8.81170853972435e-05
1738014782.109575,-0.00213623046875,0.003204345703125,0.0,1.4767694713725668,-0.3371565324882261,0.6232611385409221,-0.0066505319084181,0.000317035526515,0.0020413322023259,-0.9971936456956135,-0.07301441298296099,-0.016544741794445435,0.07274202423747131,-0.9972141599118114,0.016508094415019152,-0.017703979612685664,0.01525826884458609,0.999726839860639,0.000762939453125,11.5399169921875,8.804257959127426e-05
1738014782.1201584,-0.00213623046875,0.003204345703125,-0.001068115234375,1.4767030591609294,-0.3371533665714583,0.6232815232842945,-0.0066505319084181,0.000317035526515,0.0020413322023259,-0.9971942166780657,-0.07301023749615909,-0.016528746007282137,0.07273790294758889,-0.9972142828291052,0.016518825515775163,-0.01768874496978065,0.015270210947722023,0.9997269271951247,0.000762939453125,11.5496826171875,8.81170853972435e-05
1738014782.13184,-0.001068115234375,0.003204345703125,-0.001068115234375,1.476636487336526,-0.3371501930458379,0.6233019570196399,-0.0066505319084181,0.000317035526515,0.0020413322023259,-0.9971947887708639,-0.07300605178110907,-0.01651271181745004,0.07273377191560208,-0.9972144058958671,0.01652958247149523,-0.0176734736586022,0.015282181686094782,0.9997270143652975,0.000762939453125,11.5399169921875,8.804257959127426e-05
1738014782.1397567,-0.001068115234375,0.003204345703125,0.0,1.477068685999689,-0.3371705226642619,0.6231677531814211,-0.0065402106965707,0.000427903502771,0.001352285367836,-0.9971909371578812,-0.07303419145547205,-0.016620521310474288,0.07276155077500555,-0.9972135756231059,0.01645725742024943,-0.017776151974000582,0.015201693044707884,0.9997264210520654,0.000762939453125,11.5496826171875,8.81170853972435e-05
1738014782.1499763,0.0,0.003204345703125,-0.001068115234375,1.4770034146969375,-0.3371662521873043,0.6231812489893921,-0.0065402106965707,0.000427903502771,0.001352285367836,-0.9971907976596818,-0.07303069752429847,-0.01664422668561177,0.07275778163711286,-0.9972139297058308,0.016452465222596187,-0.017799389711274028,0.015195249908078516,0.9997261055439821,0.000762939453125,11.5496826171875,8.81170853972435e-05
1738014782.160358,-0.00213623046875,0.00213623046875,-0.001068115234375,1.4769380322106038,-0.3371619744359871,0.6231947677862144,-0.0065402106965707,0.000427903502771,0.001352285367836,-0.9971906792661018,-0.07302774309241489,-0.016664270870297218,0.07275459470885991,-0.9972142290680365,0.016448413084291496,-0.017819038513901927,0.015189801943086938,0.9997258383093687,0.000762939453125,11.5496826171875,8.81170853972435e-05
1738014782.1734793,-0.00213623046875,0.003204345703125,-0.001068115234375,1.4768461880317918,-0.3371559653870977,0.623213757929635,-0.0065402106965707,0.000427903502771,0.001352285367836,-0.9971905122749238,-0.07302359275303105,-0.016692427334403685,0.07275011809585162,-0.9972146495354387,0.016442720850026547,-0.017846639625277258,0.015182149167747253,0.9997254622148691,0.000762939453125,11.5496826171875,8.81170853972435e-05
1738014782.1801696,-0.00213623046875,0.0042724609375,-0.001068115234375,1.4770010745815136,-0.3371231290562324,0.6231752574971331,-0.0064211050146644,0.0007128164685185,0.0015408760670297,-0.9971740633833138,-0.07323891796806828,-0.016731652951144392,0.0729640788331469,-0.9971983030327495,0.016485982792514585,-0.01789219147117804,0.015218584805143005,0.9997240940183884,0.000762939453125,11.5496826171875,8.81170853972435e-05
1738014782.189983,-0.001068115234375,0.0042724609375,-0.001068115234375,1.4769439588524085,-0.3371167885537449,0.6231889635897493,-0.0064211050146644,0.0007128164685185,0.0015408760670297,-0.9971716904251229,-0.07326718896975576,-0.01674929357235012,0.0729920981024922,-0.9971962673553816,0.016485083775656696,-0.017910148779360317,0.015215892775790933,0.999723813449363,0.000762939453125,11.5496826171875,8.81170853972435e-05
1738014782.202298,-0.00213623046875,0.0042724609375,-0.001068115234375,1.4768696474040734,-0.3371085391287547,0.623206796148473,-0.0064211050146644,0.0007128164685185,0.0015408760670297,-0.9971686013808488,-0.07330397130727433,-0.016772245250536583,0.07302855301472022,-0.9971936176070685,0.01648391483549702,-0.017933512336908375,0.015212389500338888,0.9997234479299523,0.000762939453125,11.5496826171875,8.81170853972435e-05
1738014782.2101965,-0.00213623046875,0.0042724609375,-0.00213623046875,1.4768158064385255,-0.3371025621626662,0.6232197163942951,-0.0064211050146644,0.0007128164685185,0.0015408760670297,-0.9971663620960143,-0.07333062114770986,-0.01678887447959609,0.07305496569285064,-0.9971916969383974,0.0164830684259888,-0.017950439878092143,0.01520985072939446,0.9997231827605944,0.000762939453125,11.5496826171875,8.81170853972435e-05
1738014782.219551,-0.00213623046875,0.0042724609375,-0.001068115234375,1.4771122627426314,-0.3371223909360872,0.6231552146623772,-0.0065813298064211,0.0009026186219349,0.0017143254236541,-0.9971710587876145,-0.07330588960880947,-0.016617041404808394,0.0730330688483865,-0.9971935051305083,0.016470706727933413,-0.01777780557253663,0.015210518537899786,0.9997262574099138,0.000762939453125,11.5496826171875,8.81170853972435e-05
1738014782.228147,-0.001068115234375,0.003204345703125,-0.001068115234375,1.477046396793929,-0.3371133575289189,0.6231723716312172,-0.0065813298064211,0.0009026186219349,0.0017143254236541,-0.9971715216601946,-0.0733029402151924,-0.016602269293685103,0.07303046139980937,-0.9971938050634914,0.01646410795416422,-0.017762547610719184,0.015205068194629938,0.9997266115311594,0.000762939453125,11.5399169921875,8.804257959127426e-05
1738014782.2397394,-0.001068115234375,0.0042724609375,-0.00213623046875,1.4769801491280974,-0.3371042717698705,0.6231896280309317,-0.0065813298064211,0.0009026186219349,0.0017143254236541,-0.9971719869799948,-0.07329997380942434,-0.016587411549330393,0.07302783873795407,-0.9971941066905291,0.016457470976464193,-0.017747201233786876,0.015199586218561816,0.9997269674401866,0.000762939453125,11.5496826171875,8.81170853972435e-05
1738014782.247999,-0.001068115234375,0.005340576171875,-0.00213623046875,1.4769141581341283,-0.3370952212129484,0.6232068175719546,-0.0065813298064211,0.0009026186219349,0.0017143254236541,-0.9971724502623411,-0.0732970189772064,-0.016572611346845866,0.07302522613555047,-0.9971944071048974,0.016450859751514113,-0.017731914325595947,0.015194125436079448,0.9997273217065653,0.000762939453125,11.5496826171875,8.81170853972435e-05
1738014782.2641666,-0.001068115234375,0.003204345703125,0.0,1.4770112924629497,-0.3371460213324641,0.6231856112621561,-0.0069100463454862,0.0007516367784705,0.0015420172750698,-0.9971753988140303,-0.07323679192551298,-0.016661221700061322,0.07296328147924987,-0.9971985990325752,0.016471601113705228,-0.017820874160916766,0.015209418000974877,0.999725507350999,0.000762939453125,11.5496826171875,8.81170853972435e-05
1738014782.2706633,-0.001068115234375,0.003204345703125,0.0,1.476942136719124,-0.3371384989515852,0.623201043771045,-0.0069100463454862,0.0007516367784705,0.0015420172750698,-0.9971752808918632,-0.07323383041223633,-0.016681284764232227,0.07296008694528694,-0.9971988996536263,0.016467551200258022,-0.017840540663605697,0.015203967006960962,0.9997252395013749,0.000762939453125,11.5496826171875,8.81170853972435e-05
1738014782.278318,-0.00213623046875,0.003204345703125,0.0,1.4768731882766888,-0.3371309991198096,0.6232164300194156,-0.0069100463454862,0.0007516367784705,0.0015420172750698,-0.9971751629209151,-0.07323087766680891,-0.016701287668778327,0.07295690206589306,-0.997199199342193,0.01646351336249326,-0.017860148224304005,0.015198532410669515,0.9997249720387942,0.000762939453125,11.5399169921875,8.804257959127426e-05
1738014782.299107,-0.001068115234375,0.0042724609375,-0.001068115234375,1.4768015518262252,-0.3371232069013272,0.6232324161125062,-0.0069100463454862,0.0007516367784705,0.0015420172750698,-0.9971750399253241,-0.07322780969042561,-0.01672207038231081,0.07295359310468925,-0.9971995106811996,0.016459318038466078,-0.017880520211771906,0.015192886003611942,0.9997246937091419,0.000762939453125,11.5399169921875,8.804257959127426e-05
1738014782.3038177,0.0,0.003204345703125,-0.001068115234375,1.4769784543697333,-0.3371463946992942,0.6231841771691011,-0.0068136124325051,0.0008053910656863,0.001799744855131,-0.9971797886995796,-0.07317451400754252,-0.016672117706570597,0.07290091342456158,-0.9972032318193076,0.016467278797446288,-0.017830474781293945,0.015205424982163753,0.9997253969066633,0.000762939453125,11.5496826171875,8.81170853972435e-05
1738014782.3096595,-0.001068115234375,0.0042724609375,0.0,1.4769102024139968,-0.3371383270969892,0.6232022052133149,-0.0068136124325051,0.0008053910656863,0.001799744855131,-0.9971806563816162,-0.07317031419716656,-0.016638619492522606,0.07289705414169291,-0.9972033572066025,0.016476767684967298,-0.01779769748568954,0.015217407669153646,0.9997257986408267,0.000762939453125,11.5496826171875,8.81170853972435e-05
1738014782.3196418,-0.00213623046875,0.0042724609375,-0.001068115234375,1.4768381348352984,-0.3371298084756874,0.6232212411146477,-0.0068136124325051,0.0008053910656863,0.001799744855131,-0.9971815713616198,-0.0731658791594533,-0.01660324858559446,0.0728929794421546,-0.9972034894625541,0.01648678718705312,-0.017763087705024563,0.01523006009606753,0.9997262215149975,0.000762939453125,11.5399169921875,8.804257959127426e-05
1738014782.328659,-0.00213623046875,0.0042724609375,0.0,1.4767740868784327,-0.33712223779967,0.623238158716286,-0.0068136124325051,0.0008053910656863,0.001799744855131,-0.997182383480457,-0.07316193727233299,-0.01657181374485174,0.07288935846189025,-0.997203606879516,0.016495691846593923,-0.017732329211045932,0.01524130444033349,0.9997265961950338,0.000762939453125,11.5399169921875,8.804257959127426e-05
1738014782.3384268,-0.001068115234375,0.003204345703125,0.0,1.476705753159347,-0.3371141605326722,0.623256208357438,-0.0068136124325051,0.0008053910656863,0.001799744855131,-0.9971832488599428,-0.07315773122325647,-0.0165382754661767,0.07288549548504328,-0.9972037320271867,0.016505192484507623,-0.017699512451734786,0.0152533010629396,0.9997269947668985,0.000762939453125,11.5496826171875,8.81170853972435e-05
1738014782.3486748,-0.00213623046875,0.003204345703125,-0.001068115234375,1.4765802727933888,-0.337127882920279,0.6233366430478728,-0.0070713751635526,0.0009301564043272,0.001493006025631,-0.9971843830790679,-0.07311344294369462,-0.01666525139737824,0.07284103872463,-0.9972086181697684,0.01640594177296698,-0.017818227205186755,0.015145834703315063,0.999726519839503,0.000762939453125,11.5399169921875,8.804257959127426e-05
1738014782.358195,-0.00213623046875,0.00213623046875,0.0,1.476509969181513,-0.3371186353053072,0.6233514865137797,-0.0070713751635526,0.0009301564043272,0.001493006025631,-0.9971810305370838,-0.07315467579968125,-0.016684895733659274,0.07288197813410513,-0.9972056298046496,0.016405765729523805,-0.017838430431497444,0.015143490170886141,0.999726195068022,0.000762939453125,11.5496826171875,8.81170853972435e-05
1738014782.368831,-0.00213623046875,0.00213623046875,0.0,1.4764388947897438,-0.3371092863032873,0.6233664927173432,-0.0070713751635526,0.0009301564043272,0.001493006025631,-0.9971776391139684,-0.07319636054260087,-0.01670475544297933,0.07292336626420334,-0.9972026069541627,0.016405588575801197,-0.017858855052578643,0.015141119084770203,0.9997258663299013,0.000762939453125,11.5496826171875,8.81170853972435e-05
1738014782.3813884,0.0,0.003204345703125,-0.001068115234375,1.476368435607614,-0.3371000182248746,0.6233813690293827,-0.0070713751635526,0.0009301564043272,0.001493006025631,-0.9971742749373653,-0.07323768429650124,-0.016724443250099585,0.0729643960232524,-0.9971996085599046,0.016405413769082534,-0.01787910277675519,0.01513876767966367,0.9997255400343833,0.000762939453125,11.5496826171875,8.81170853972435e-05
1738014782.3890476,-0.001068115234375,0.003204345703125,-0.001068115234375,1.4766046251878298,-0.3371894314772695,0.6232771278866025,-0.0065510809620102,0.000658296995321,0.0011683973738408,-0.9971889004206049,-0.07305504609987465,-0.016651039525808237,0.07278249390142752,-0.9972125583158844,0.016426263074029578,-0.017804647130272046,0.015168183030071575,0.9997264229598679,0.000762939453125,11.5496826171875,8.81170853972435e-05
1738014782.4218183,-0.001068115234375,0.0042724609375,-0.001068115234375,1.4764082761892363,-0.3371697009997258,0.6233121470926912,-0.0065510809620102,0.000658296995321,0.0011683973738408,-0.9971888926646907,-0.07304231790799288,-0.016707248151498544,0.07276820168234571,-0.9972129450599077,0.016466056870516832,-0.017863403093629944,0.015204012614219256,0.9997248305560591,0.000762939453125,11.5496826171875,8.81170853972435e-05
1738014782.4305391,-0.00213623046875,0.003204345703125,0.0,1.476404543858547,-0.3371339240659824,0.623351922069444,-0.0062758546766572,0.0011255689301799,0.0015792355150371,-0.9971885816630364,-0.07304904275552657,-0.016696405402453783,0.07277761097737029,-0.9972145786412481,0.01632493448025521,-0.017842419715060738,0.015063913763007445,0.9997273261048996,0.000762939453125,11.5399169921875,8.804257959127426e-05
1738014782.4381323,-0.00213623046875,0.003204345703125,-0.001068115234375,1.4763416284154134,-0.3371226402374573,0.6233677539054823,-0.0062758546766572,0.0011255689301799,0.0015792355150371,-0.9971889413977303,-0.07304722583173012,-0.016682864033557926,0.072776426167637,-0.9972150578215396,0.016300927834019367,-0.017827140778611698,0.015040985748003612,0.999727943892431,0.000762939453125,11.5399169921875,8.804257959127426e-05
1738014782.4481876,-0.001068115234375,0.003204345703125,0.0,1.4762788698686469,-0.3371113845481555,0.6233835462606326,-0.0062758546766572,0.0011255689301799,0.0015792355150371,-0.997189300026839,-0.07304541374814753,-0.016669356386637003,0.07277524394684845,-0.9972155352560401,0.016276981061794444,-0.017811899967703444,0.01501811487408645,0.9997285593825802,0.000762939453125,11.5496826171875,8.81170853972435e-05
1738014782.458578,-0.001068115234375,0.00213623046875,0.0,1.4762161427011538,-0.3371001344866984,0.6233993307196055,-0.0062758546766572,0.0011255689301799,0.0015792355150371,-0.9971896582685582,-0.07304360287922282,-0.01665585544661873,0.07277406195220915,-0.9972160119020957,0.016253046270022185,-0.017796666800620062,0.014995255399687216,0.9997291738097304,0.000762939453125,11.5496826171875,8.81170853972435e-05
1738014782.468245,-0.001068115234375,0.00213623046875,0.0,1.476655614885753,-0.3372074086753482,0.6232486823899106,-0.0058032158753635,0.0010420057329315,0.0008800594201082,-0.9971983317647461,-0.07290346022452592,-0.016750301874840622,0.07262941474773406,-0.9972237341285017,0.016425352483552546,-0.0179012636148667,0.01516276947322898,0.9997247797183446,0.000762939453125,11.5496826171875,8.81170853972435e-05
1738014782.4801216,-0.001068115234375,0.00213623046875,0.0,1.4765953136695922,-0.3371965811937773,0.623257827087345,-0.0058032158753635,0.0010420057329315,0.0008800594201082,-0.9971992276620806,-0.07288223391213024,-0.0167892921270546,0.07260767708887896,-0.9972253909882085,0.016420864659687222,-0.01793949770498403,0.015155842054871613,0.9997241994038659,0.000762939453125,11.5399169921875,8.804257959127426e-05
1738014782.4894748,-0.001068115234375,0.003204345703125,-0.001068115234375,1.4765398059097443,-0.3371866144089418,0.6232662448556983,-0.0058032158753635,0.0010420057329315,0.0008800594201082,-0.9972000506166572,-0.07286269465032669,-0.016825182864667117,0.07258766751914053,-0.9972269157054134,0.016416732829610873,-0.017974692605631493,0.015149466028918902,0.9997236638715579,0.000762939453125,11.5399169921875,8.804257959127426e-05
